instance      b1  b2  rep value     t       it        
bqp50-1       2   18  1   -2012     1.71    25392     
bqp50-1       2   18  2   -2098     1.48    20716     
bqp50-1       2   18  3   -2030     1.43    19748     
bqp50-1       2   18  4   -2098     1.92    26020     
bqp50-1       2   18  5   -2030     1.29    19956     
bqp50-1       2   18  6   -2012     1.56    21852     
bqp50-1       2   18  7   -2098     1.35    21366     
bqp50-1       2   18  8   -1953     0.99    15158     
bqp50-1       2   18  9   -1966     1.47    24936     
bqp50-1       2   18  10  -2098     1.94    27566     
bqp50-1       2   18  11  -2098     1.33    22520     
bqp50-1       2   18  12  -1942     1.15    19722     
bqp50-1       2   18  13  -2098     1.49    24544     
bqp50-1       2   18  14  -1840     1.24    17564     
bqp50-1       2   18  15  -1944     1.47    21496     
bqp50-1       4   16  1   -1867     2.21    38098     
bqp50-1       4   16  2   -2098     2.06    36446     
bqp50-1       4   16  3   -2098     1.81    31734     
bqp50-1       4   16  4   -1867     2.41    43402     
bqp50-1       4   16  5   -2098     1.85    33256     
bqp50-1       4   16  6   -2098     2.56    39380     
bqp50-1       4   16  7   -2098     2.02    33686     
bqp50-1       4   16  8   -2020     2.34    41430     
bqp50-1       4   16  9   -2098     1.99    35024     
bqp50-1       4   16  10  -1877     1.99    34026     
bqp50-1       4   16  11  -2098     2.56    40154     
bqp50-1       4   16  12  -2098     2.39    40376     
bqp50-1       4   16  13  -2098     2.15    34950     
bqp50-1       4   16  14  -2098     2.26    38492     
bqp50-1       4   16  15  -2012     1.61    27206     
bqp50-1       6   14  1   -2098     2.67    44290     
bqp50-1       6   14  2   -1924     3.01    51990     
bqp50-1       6   14  3   -2098     3.06    52458     
bqp50-1       6   14  4   -2098     2.70    46498     
bqp50-1       6   14  5   -2098     3.35    60040     
bqp50-1       6   14  6   -2098     3.14    55872     
bqp50-1       6   14  7   -2098     3.13    54508     
bqp50-1       6   14  8   -2098     2.56    43002     
bqp50-1       6   14  9   -2098     3.02    50770     
bqp50-1       6   14  10  -2098     2.65    46704     
bqp50-1       6   14  11  -1953     2.85    47286     
bqp50-1       6   14  12  -1953     2.83    47822     
bqp50-1       6   14  13  -2098     2.56    42982     
bqp50-1       6   14  14  -2098     3.18    53066     
bqp50-1       6   14  15  -2030     2.26    37786     
bqp50-1       8   12  1   -2098     3.38    56640     
bqp50-1       8   12  2   -2098     2.80    46966     
bqp50-1       8   12  3   -2074     3.10    53654     
bqp50-1       8   12  4   -2098     2.51    43002     
bqp50-1       8   12  5   -2098     3.29    54692     
bqp50-1       8   12  6   -2098     3.77    57776     
bqp50-1       8   12  7   -2098     3.24    49274     
bqp50-1       8   12  8   -2064     3.62    58370     
bqp50-1       8   12  9   -2098     2.27    37844     
bqp50-1       8   12  10  -2098     3.25    56466     
bqp50-1       8   12  11  -2098     3.30    54524     
bqp50-1       8   12  12  -2098     3.07    46864     
bqp50-1       8   12  13  -1996     3.12    51714     
bqp50-1       8   12  14  -2098     2.73    44832     
bqp50-1       8   12  15  -2098     3.73    61922     
bqp50-1       10  10  1   -2098     3.19    53242     
bqp50-1       10  10  2   -2030     2.96    47552     
bqp50-1       10  10  3   -2098     3.10    51492     
bqp50-1       10  10  4   -2098     3.21    49438     
bqp50-1       10  10  5   -2098     2.77    42272     
bqp50-1       10  10  6   -2098     3.49    57490     
bqp50-1       10  10  7   -2020     3.73    54622     
bqp50-1       10  10  8   -2098     3.69    58322     
bqp50-1       10  10  9   -2098     2.70    42548     
bqp50-1       10  10  10  -2098     3.72    60322     
bqp50-1       10  10  11  -2098     3.24    55220     
bqp50-1       10  10  12  -2098     2.93    45204     
bqp50-1       10  10  13  -2098     3.00    48038     
bqp50-1       10  10  14  -2098     3.15    52010     
bqp50-1       10  10  15  -2028     2.98    45276     
bqp50-1       12  8   1   -2098     3.57    46942     
bqp50-1       12  8   2   -2098     3.75    55956     
bqp50-1       12  8   3   -2030     300.05  2681176   
bqp50-1       12  8   4   -2098     6.33    56284     
bqp50-1       12  8   5   -2098     6.02    54874     
bqp50-1       12  8   6   -2098     5.27    41518     
bqp50-1       12  8   7   -1883     2.89    40738     
bqp50-1       12  8   8   -2064     2.96    48408     
bqp50-1       12  8   9   -2098     2.81    43544     
bqp50-1       12  8   10  -2030     3.40    51826     
bqp50-1       12  8   11  -2098     3.37    52210     
bqp50-1       12  8   12  -2098     7.28    63942     
bqp50-1       12  8   13  -2098     5.04    40820     
bqp50-1       12  8   14  -2098     300.00  467712    
bqp50-1       12  8   15  -2098     3.89    43780
bqp50-1       14  6   1   -2098     5.31    43140     
bqp50-1       14  6   2   -2098     5.14    43402     
bqp50-1       14  6   3   -2028     4.95    58082     
bqp50-1       14  6   4   -2098     3.68    35890     
bqp50-1       14  6   5   -2012     3.83    36310     
bqp50-1       14  6   6   -2098     4.85    45028     
bqp50-1       14  6   7   -2098     300.03  1984712   
bqp50-1       14  6   8   -2064     300.02  1080088   
bqp50-1       14  6   9   -2012     300.01  3165996   
bqp50-1       14  6   10  -1918     300.02  3415934   
bqp50-1       14  6   11  -2098     300.02  1930114   
bqp50-1       14  6   12  -2098     3.26    52832     
bqp50-1       14  6   13  -2098     300.00  1830476   
bqp50-1       14  6   14  -2098     3.26    39120     
bqp50-1       14  6   15  -2098     300.00  3430626 
bqp50-1       16  4   1   -1946     300.02  3477704   
bqp50-1       16  4   2   -2028     2.48    36684     
bqp50-1       16  4   3   -2064     300.02  2133868   
bqp50-1       16  4   4   -1968     300.01  3634830   
bqp50-1       16  4   5   -2098     300.02  2697018   
bqp50-1       16  4   6   -2098     2.12    27830     
bqp50-1       16  4   7   -1782     300.03  3717492   
bqp50-1       16  4   8   -2020     300.01  1725270   
bqp50-1       16  4   9   -2098     2.20    34604     
bqp50-1       16  4   10  -2030     1.64    25458     
bqp50-1       16  4   11  -1743     300.02  2960364   
bqp50-1       16  4   12  -1985     300.01  3692536   
bqp50-1       16  4   13  -1900     300.02  3659786   
bqp50-1       16  4   14  -2098     300.02  2772414   
bqp50-1       16  4   15  -2098     300.02  2818472
bqp50-1       18  2   1   -1860     300.01  3686968   
bqp50-1       18  2   2   -1624     300.02  3804930   
bqp50-1       18  2   3   -1854     300.02  2841272   
bqp50-1       18  2   4   -1996     300.00  2545958   
bqp50-1       18  2   5   -2030     300.01  2886086   
bqp50-1       18  2   6   -1648     300.01  1773862   
bqp50-1       18  2   7   -1209     300.01  3289194   
bqp50-1       18  2   8   -1570     300.02  4554512   
bqp50-1       18  2   9   -1397     300.03  4146556   
bqp50-1       18  2   10  -1944     300.01  1603764   
bqp50-1       18  2   11  -1859     300.00  868112    
bqp50-1       18  2   12  -1633     300.02  3273028   
bqp50-1       18  2   13  -1638     300.01  2662486   
bqp50-1       18  2   14  -1525     300.01  4148174   
bqp50-1       18  2   15  -1786     300.00  3489446
bqp100-1      2   18  1   -7790     6.21    66782     
bqp100-1      2   18  2   -7380     8.65    93280     
bqp100-1      2   18  3   -7898     7.42    80372     
bqp100-1      2   18  4   -7224     5.73    61420     
bqp100-1      2   18  5   -7538     5.64    59200     
bqp100-1      2   18  6   -7898     11.24   121224    
bqp100-1      2   18  7   -7217     7.52    77022     
bqp100-1      2   18  8   -7826     6.72    71606     
bqp100-1      2   18  9   -7203     7.62    73946     
bqp100-1      2   18  10  -7568     6.59    69130     
bqp100-1      2   18  11  -7564     7.26    72964     
bqp100-1      2   18  12  -7592     7.65    80192     
bqp100-1      2   18  13  -7762     8.07    77370     
bqp100-1      2   18  14  -7435     8.58    88784     
bqp100-1      2   18  15  -7666     6.23    64396     
bqp100-1      4   16  1   -7928     10.81   103516    
bqp100-1      4   16  2   -7822     14.62   143838    
bqp100-1      4   16  3   -7888     13.06   121418    
bqp100-1      4   16  4   -7900     14.12   130350    
bqp100-1      4   16  5   -7752     15.00   133430    
bqp100-1      4   16  6   -7970     14.20   114882    
bqp100-1      4   16  7   -7770     12.40   119686    
bqp100-1      4   16  8   -7694     9.30    91038     
bqp100-1      4   16  9   -7904     13.40   125626    
bqp100-1      4   16  10  -7830     13.51   131374    
bqp100-1      4   16  11  -7832     11.07   105744    
bqp100-1      4   16  12  -7868     12.25   115416    
bqp100-1      4   16  13  -7608     10.97   102378    
bqp100-1      4   16  14  -7732     14.74   142996    
bqp100-1      6   14  1   -7822     18.92   175876    
bqp100-1      6   14  2   -7706     14.01   126604    
bqp100-1      6   14  3   -7822     15.18   139968    
bqp100-1      6   14  4   -7704     15.95   151724    
bqp100-1      6   14  5   -7762     18.81   174414    
bqp100-1      6   14  6   -7722     14.80   135772    
bqp100-1      6   14  7   -7840     16.41   150236    
bqp100-1      6   14  8   -7664     12.26   113188    
bqp100-1      6   14  9   -7840     12.63   116212    
bqp100-1      6   14  10  -7970     17.58   166666    
bqp100-1      6   14  11  -7598     14.31   134430    
bqp100-1      6   14  12  -7840     24.82   236416    
bqp100-1      6   14  13  -7884     15.59   147880    
bqp100-1      6   14  14  -7890     15.45   143116    
bqp100-1      6   14  15  -7786     18.41   175522    
bqp100-1      8   12  1   -7840     19.52   179616    
bqp100-1      8   12  2   -7728     16.80   149916    
bqp100-1      8   12  3   -7970     20.15   160544    
bqp100-1      8   12  4   -7820     22.59   171698    
bqp100-1      8   12  5   -7840     22.72   180148    
bqp100-1      8   12  6   -7826     21.96   181242    
bqp100-1      8   12  7   -7689     19.41   178000    
bqp100-1      8   12  8   -7826     18.24   166748    
bqp100-1      8   12  9   -7671     15.13   140008    
bqp100-1      8   12  10  -7664     16.82   152378    
bqp100-1      8   12  11  -7742     13.94   124180    
bqp100-1      8   12  12  -7750     18.86   174266    
bqp100-1      8   12  13  -7928     17.46   153564    
bqp100-1      8   12  14  -7822     17.34   162154    
bqp100-1      8   12  15  -7840     24.06   223896    
bqp100-1      10  10  1   -7890     20.07   158318    
bqp100-1      10  10  2   -7928     22.21   178268    
bqp100-1      10  10  3   -7898     23.39   195926    
bqp100-1      10  10  4   -7720     17.71   147344    
bqp100-1      10  10  5   -7790     19.61   164330    
bqp100-1      10  10  6   -7538     300.07  1846238   
bqp100-1      10  10  7   -7970     18.89   160856    
bqp100-1      10  10  8   -7707     300.01  1793448   
bqp100-1      10  10  9   -7659     19.84   180206    
bqp100-1      10  10  10  -7586     20.32   179952    
bqp100-1      10  10  11  -7826     19.50   179384    
bqp100-1      10  10  12  -7904     23.66   201930    
bqp100-1      10  10  13  -7600     20.51   175760    
bqp100-1      10  10  14  -7826     19.98   155430    
bqp100-1      10  10  15  -7304     300.06  2239572   
bqp100-1      12  8   1   -7676     17.61   144042    
bqp100-1      12  8   2   -7724     14.76   121080    
bqp100-1      12  8   3   -7672     12.44   103688    
bqp100-1      12  8   4   -7840     300.02  390470    
bqp100-1      12  8   5   -7796     26.80   140292    
bqp100-1      12  8   6   -7942     300.05  1814440   
bqp100-1      12  8   7   -7496     20.67   125442    
bqp100-1      12  8   8   -7723     300.10  1038812   
bqp100-1      12  8   9   -7780     300.15  1804284   
bqp100-1      12  8   10  -7731     300.05  1614584   
bqp100-1      12  8   11  -7970     12.83   114020    
bqp100-1      12  8   12  -7606     300.05  2474302   
bqp100-1      12  8   13  -7695     20.71   147162    
bqp100-1      12  8   14  -7446     300.02  591812    
bqp100-1      12  8   15  -7442     300.01  605308
bqp100-1      14  6   1   -7570     300.04  1456176   
bqp100-1      14  6   2   -7864     16.62   131708    
bqp100-1      14  6   3   -7679     12.02   94510     
bqp100-1      14  6   4   -7738     300.03  855956    
bqp100-1      14  6   5   -7840     10.54   91396     
bqp100-1      14  6   6   -7770     13.33   117402    
bqp100-1      14  6   7   -7519     300.04  1570722   
bqp100-1      14  6   8   -7663     300.05  1147168   
bqp100-1      14  6   9   -7728     300.04  2248038   
bqp100-1      14  6   10  -7970     10.95   91294     
bqp100-1      14  6   11  -7842     300.04  1684182   
bqp100-1      14  6   12  -7713     300.04  1062738   
bqp100-1      14  6   13  -7616     300.03  1299934   
bqp100-1      14  6   14  -7672     300.05  1886946   
bqp100-1      14  6   15  -7888     12.28   100690
bqp100-1      16  4   1   -7626     8.76    75096     
bqp100-1      16  4   2   -7794     300.00  1940680   
bqp100-1      16  4   3   -7577     300.01  1518822   
bqp100-1      16  4   4   -7520     9.42    81388     
bqp100-1      16  4   5   -7542     300.01  1855532   
bqp100-1      16  4   6   -7712     300.05  1317186   
bqp100-1      16  4   7   -7684     300.02  1917720   
bqp100-1      16  4   8   -7714     300.09  2167166   
bqp100-1      16  4   9   -7692     300.01  1246418   
bqp100-1      16  4   10  -7596     300.07  1914560   
bqp100-1      16  4   11  -7596     300.01  1835648   
bqp100-1      16  4   12  -7648     300.04  1072596   
bqp100-1      16  4   13  -7435     300.05  1001314   
bqp100-1      16  4   14  -7752     300.01  1955396   
bqp100-1      16  4   15  -7102     300.01  1558532 
bqp100-1      18  2   1   -6977     300.03  858830    
bqp100-1      18  2   2   -6077     300.04  1167806   
bqp100-1      18  2   3   -5620     300.06  1353274   
bqp100-1      18  2   4   -6907     300.05  1168718   
bqp100-1      18  2   5   -6914     300.04  966078    
bqp100-1      18  2   6   -6553     300.02  663494    
bqp100-1      18  2   7   -6469     300.05  1652904   
bqp100-1      18  2   8   -6312     300.03  1444496   
bqp100-1      18  2   9   -6450     300.03  1443962   
bqp100-1      18  2   10  -6376     300.11  1765450   
bqp100-1      18  2   11  -3868     300.00  1208384   
bqp100-1      18  2   12  -5445     300.02  1098506   
bqp100-1      18  2   13  -3223     300.05  1091586   
bqp100-1      18  2   14  -7327     300.05  1182238   
bqp100-1      18  2   15  -6548     300.05  1672654 
bqp250-1      2   18  1   -45431    254.44  496746    
bqp250-1      2   18  2   -45579    280.78  546098    
bqp250-1      2   18  3   -44956    235.80  456830    
bqp250-1      2   18  4   -44204    300.49  586882    
bqp250-1      2   18  5   -43510    234.34  456628    
bqp250-1      2   18  6   -44630    246.22  479760    
bqp250-1      2   18  7   -45285    214.79  417962    
bqp250-1      2   18  8   -45391    300.19  583034    
bqp250-1      2   18  9   -45477    300.57  584066    
bqp250-1      2   18  10  -44579    257.80  504692    
bqp250-1      2   18  11  -44456    287.33  559006    
bqp250-1      2   18  12  -44979    262.42  507444    
bqp250-1      2   18  13  -44963    231.57  450548    
bqp250-1      2   18  14  -44309    269.64  523128    
bqp250-1      2   18  15  -45235    232.73  448974
bqp250-1      4   16  1   -45452    300.91  581690    
bqp250-1      4   16  2   -44724    301.66  582386    
bqp250-1      4   16  3   -45327    300.15  577250    
bqp250-1      4   16  4   -45054    231.27  443098    
bqp250-1      4   16  5   -44878    267.01  508356    
bqp250-1      4   16  6   -45369    300.75  582564    
bqp250-1      4   16  7   -45417    263.67  506778    
bqp250-1      4   16  8   -45349    302.22  584400    
bqp250-1      4   16  9   -44269    300.14  579652    
bqp250-1      4   16  10  -44643    301.08  582816    
bqp250-1      4   16  11  -45016    277.33  537548    
bqp250-1      4   16  12  -45443    271.85  521820    
bqp250-1      4   16  13  -44799    302.34  588828    
bqp250-1      4   16  14  -44757    290.38  560286    
bqp250-1      4   16  15  -45551    299.35  576894 
bqp250-1      6   14  1   -45169    302.71  579230    
bqp250-1      6   14  2   -45251    300.36  568580    
bqp250-1      6   14  3   -44686    302.78  593590    
bqp250-1      6   14  4   -45209    273.98  527736    
bqp250-1      6   14  5   -44897    303.05  590172    
bqp250-1      6   14  6   -45082    302.33  585680    
bqp250-1      6   14  7   -43926    296.25  574314    
bqp250-1      6   14  8   -44068    301.53  591440    
bqp250-1      6   14  9   -45442    300.40  585784    
bqp250-1      6   14  10  -44876    302.59  589282    
bqp250-1      6   14  11  -44589    292.99  567812    
bqp250-1      6   14  12  -45324    300.20  582788    
bqp250-1      6   14  13  -45474    301.57  581736    
bqp250-1      6   14  14  -44798    302.53  590586    
bqp250-1      6   14  15  -43852    302.58  591134
bqp250-1      8   12  1   -44516    193.42  614480    
bqp250-1      8   12  2   -43339    118.90  362516    
bqp250-1      8   12  3   -44906    159.69  502464    
bqp250-1      8   12  4   -44725    169.37  542972    
bqp250-1      8   12  5   -44112    121.13  386762    
bqp250-1      8   12  6   -44825    161.71  522296    
bqp250-1      8   12  7   -43867    141.98  425360    
bqp250-1      8   12  8   -45095    135.39  423884    
bqp250-1      8   12  9   -44910    171.46  552404    
bqp250-1      8   12  10  -45263    218.25  708326    
bqp250-1      8   12  11  -44662    300.12  539962    
bqp250-1      8   12  12  -44459    300.01  527160    
bqp250-1      8   12  13  -45041    196.95  614746    
bqp250-1      8   12  14  -43349    109.82  346062    
bqp250-1      8   12  15  -45304    191.74  600766
bqp250-1      10  10  1   -44582    187.67  480566    
bqp250-1      10  10  2   -44705    151.36  389750    
bqp250-1      10  10  3   -43474    139.02  389172    
bqp250-1      10  10  4   -43755    161.43  373952    
bqp250-1      10  10  5   -43166    300.15  430862    
bqp250-1      10  10  6   -43103    141.17  373772    
bqp250-1      10  10  7   -44013    137.46  377236    
bqp250-1      10  10  8   -43662    143.35  376398    
bqp250-1      10  10  9   -44331    124.17  332706    
bqp250-1      10  10  10  -42415    140.64  381280    
bqp250-1      10  10  11  -44394    107.23  326850    
bqp250-1      10  10  12  -41927    160.09  449232    
bqp250-1      10  10  13  -45002    300.13  500572    
bqp250-1      10  10  14  -45173    300.06  725244    
bqp250-1      10  10  15  -44171    126.18  462728    
bqp250-1      12  8   1   -41626    110.06  354882    
bqp250-1      12  8   2   -43771    109.98  350622    
bqp250-1      12  8   3   -44101    88.57   347558    
bqp250-1      12  8   4   -43451    90.70   353142    
bqp250-1      12  8   5   -42461    90.34   338836    
bqp250-1      12  8   6   -43624    300.14  478942    
bqp250-1      12  8   7   -44184    101.32  383262    
bqp250-1      12  8   8   -44266    81.36   291628    
bqp250-1      12  8   9   -43457    300.16  650954    
bqp250-1      12  8   10  -43844    300.23  810672    
bqp250-1      12  8   11  -43095    86.33   313650    
bqp250-1      12  8   12  -43878    96.16   351404    
bqp250-1      12  8   13  -44273    105.99  392860    
bqp250-1      12  8   14  -42625    300.01  559256
bqp250-1      12  8   15  -42738    88.76   343368
bqp250-1      14  6   1   -41566    300.12  411316    
bqp250-1      14  6   2   -44452    85.81   305402    
bqp250-1      14  6   3   -44113    300.25  815352    
bqp250-1      14  6   4   -44053    300.00  609538    
bqp250-1      14  6   5   -43633    300.11  544368    
bqp250-1      14  6   6   -43200    80.91   326708    
bqp250-1      14  6   7   -43115    300.05  547396    
bqp250-1      14  6   8   -41958    300.09  623888    
bqp250-1      14  6   9   -44001    300.05  443036    
bqp250-1      14  6   10  -44221    74.45   287738    
bqp250-1      14  6   11  -44169    300.06  589850    
bqp250-1      14  6   12  -42593    300.17  810596    
bqp250-1      14  6   13  -41983    300.12  691342    
bqp250-1      14  6   14  -42519    300.05  433724    
bqp250-1      14  6   15  -44561    74.90   289110 
bqp250-1      16  4   1   -41740    300.01  497986    
bqp250-1      16  4   2   -42807    82.18   236744    
bqp250-1      16  4   3   -41669    300.14  355338    
bqp250-1      16  4   4   -43377    300.01  404958    
bqp250-1      16  4   5   -44227    300.17  418306    
bqp250-1      16  4   6   -43249    300.12  503138    
bqp250-1      16  4   7   -42347    300.09  533860    
bqp250-1      16  4   8   -43752    300.02  352484    
bqp250-1      16  4   9   -43956    300.24  301472    
bqp250-1      16  4   10  -43430    300.01  481126    
bqp250-1      16  4   11  -44066    300.14  462630    
bqp250-1      16  4   12  -43359    300.20  475234    
bqp250-1      16  4   13  -44159    300.15  339244    
bqp250-1      16  4   14  -42881    300.06  511984    
bqp250-1      16  4   15  -42921    300.06  315988 
bqp250-1      18  2   1   -43428    300.01  416886    
bqp250-1      18  2   2   -41731    300.05  286506    
bqp250-1      18  2   3   -39242    300.18  435030    
bqp250-1      18  2   4   -35628    300.11  343938    
bqp250-1      18  2   5   -26981    300.00  495236    
bqp250-1      18  2   6   -39767    300.15  368914    
bqp250-1      18  2   7   -39358    300.06  380650    
bqp250-1      18  2   8   -42656    300.09  242254    
bqp250-1      18  2   9   -43326    300.19  375330    
bqp250-1      18  2   10  -33719    300.11  374934    
bqp250-1      18  2   11  -39065    300.17  344894    
bqp250-1      18  2   12  -42322    300.15  341508    
bqp250-1      18  2   13  -42800    300.21  420512    
bqp250-1      18  2   14  -40234    300.12  284350    
bqp250-1      18  2   15  -38942    300.12  395804 
bqp500-1      2   18  1   -55590    304.56  299208    
bqp500-1      2   18  2   -54172    301.86  295356    
bqp500-1      2   18  3   -54548    301.69  295336    
bqp500-1      2   18  4   -73993    304.02  298032    
bqp500-1      2   18  5   -53856    303.39  300654    
bqp500-1      2   18  6   -60810    303.73  300542    
bqp500-1      2   18  7   -58524    300.03  296770    
bqp500-1      2   18  8   -60301    306.63  303082    
bqp500-1      2   18  9   -71166    300.94  296690    
bqp500-1      2   18  10  -74647    300.21  295610    
bqp500-1      2   18  11  -66183    300.14  295084    
bqp500-1      2   18  12  -63700    305.47  302224    
bqp500-1      2   18  13  -56682    300.95  296866    
bqp500-1      2   18  14  -50657    302.70  299326    
bqp500-1      2   18  15  -51730    303.26  299854
bqp500-1      4   16  1   -56223    304.70  300998    
bqp500-1      4   16  2   -57704    305.30  301664    
bqp500-1      4   16  3   -60355    300.79  297324    
bqp500-1      4   16  4   -59611    306.55  302604    
bqp500-1      4   16  5   -58910    301.38  297142    
bqp500-1      4   16  6   -62050    309.61  305684    
bqp500-1      4   16  7   -60807    306.43  302460    
bqp500-1      4   16  8   -51481    308.89  305530    
bqp500-1      4   16  9   -64386    308.38  303810    
bqp500-1      4   16  10  -54752    312.37  308788    
bqp500-1      4   16  11  -69184    308.11  302690    
bqp500-1      4   16  12  -59640    308.95  305080    
bqp500-1      4   16  13  -61614    307.87  303832    
bqp500-1      4   16  14  -57279    302.53  299068    
bqp500-1      4   16  15  -55766    305.23  301530    
bqp500-1      6   14  1   -54581    311.11  305136    
bqp500-1      6   14  2   -55026    304.31  300610    
bqp500-1      6   14  3   -58901    309.38  307292    
bqp500-1      6   14  4   -46278    314.47  311426    
bqp500-1      6   14  5   -57442    311.29  309046    
bqp500-1      6   14  6   -59662    314.80  313508    
bqp500-1      6   14  7   -52274    311.67  308992    
bqp500-1      6   14  8   -62026    304.90  304328    
bqp500-1      6   14  9   -50854    306.09  305312    
bqp500-1      6   14  10  -53413    300.13  299426    
bqp500-1      6   14  11  -61826    312.76  310160    
bqp500-1      6   14  12  -50345    310.27  311638    
bqp500-1      6   14  13  -55947    312.71  313418    
bqp500-1      6   14  14  -55446    314.37  314564    
bqp500-1      6   14  15  -52492    305.08  304026
bqp500-1      8   12  1   -71165    306.08  499402    
bqp500-1      8   12  2   -70287    306.22  501850    
bqp500-1      8   12  3   -80781    304.43  500950    
bqp500-1      8   12  4   -64140    303.14  506326    
bqp500-1      8   12  5   -67143    304.60  502804    
bqp500-1      8   12  6   -63030    304.10  505482    
bqp500-1      8   12  7   -69684    306.84  510400    
bqp500-1      8   12  8   -70427    309.28  517078    
bqp500-1      8   12  9   -63978    308.78  516532    
bqp500-1      8   12  10  -63437    309.40  522466    
bqp500-1      8   12  11  -61510    304.29  509430    
bqp500-1      8   12  12  -67674    307.29  521994    
bqp500-1      8   12  13  -63993    309.03  524716    
bqp500-1      8   12  14  -67955    301.58  511176    
bqp500-1      8   12  15  -68629    308.05  517040 
bqp500-1      10  10  1   -64352    301.51  470188    
bqp500-1      10  10  2   -89963    302.06  620948    
bqp500-1      10  10  3   -61445    305.02  493214    
bqp500-1      10  10  4   -81979    308.43  502216    
bqp500-1      10  10  5   -55545    312.40  428874    
bqp500-1      10  10  6   -67441    304.25  518280    
bqp500-1      10  10  7   -66524    301.99  526866    
bqp500-1      10  10  8   -80507    302.48  623086    
bqp500-1      10  10  9   -76258    303.03  569412    
bqp500-1      10  10  10  -80382    301.80  617110    
bqp500-1      10  10  11  -75137    306.22  589882    
bqp500-1      10  10  12  -78349    306.88  604274    
bqp500-1      10  10  13  -92034    303.46  616264    
bqp500-1      10  10  14  -76831    300.87  622190    
bqp500-1      10  10  15  -76562    302.94  616706
bqp500-1      12  8   1   -73489    303.09  630882    
bqp500-1      12  8   2   -82501    304.75  626306    
bqp500-1      12  8   3   -84103    301.53  630430    
bqp500-1      12  8   4   -80669    302.15  636606    
bqp500-1      12  8   5   -86507    303.68  659604    
bqp500-1      12  8   6   -81964    303.23  663624    
bqp500-1      12  8   7   -85109    300.79  657148    
bqp500-1      12  8   8   -82159    300.37  654348    
bqp500-1      12  8   9   -84012    301.94  660042    
bqp500-1      12  8   10  -90077    301.17  655260    
bqp500-1      12  8   11  -84761    304.11  638032    
bqp500-1      12  8   12  -81991    301.44  618358    
bqp500-1      12  8   13  -89580    301.84  638120    
bqp500-1      12  8   14  -82226    302.42  649740    
bqp500-1      12  8   15  -84455    303.15  625546
bqp500-1      14  6   1   -81239    304.10  585880    
bqp500-1      14  6   2   -88319    304.04  612004    
bqp500-1      14  6   3   -73919    300.48  566516    
bqp500-1      14  6   4   -79312    303.37  572110    
bqp500-1      14  6   5   -92271    300.05  606914    
bqp500-1      14  6   6   -86207    300.27  611160    
bqp500-1      14  6   7   -79929    301.17  594936    
bqp500-1      14  6   8   -76456    302.25  590946    
bqp500-1      14  6   9   -72619    301.28  577176    
bqp500-1      14  6   10  -75099    301.61  526306    
bqp500-1      14  6   11  -75592    304.15  520690    
bqp500-1      14  6   12  -77468    303.54  539390    
bqp500-1      14  6   13  -71902    300.16  551474    
bqp500-1      14  6   14  -82731    302.45  578478    
bqp500-1      14  6   15  -94776    301.73  678266    
bqp500-1      16  4   1   -79375    304.48  499460    
bqp500-1      16  4   2   -76333    303.38  502890    
bqp500-1      16  4   3   -89633    300.04  492348    
bqp500-1      16  4   4   -85206    301.23  497154    
bqp500-1      16  4   5   -75865    303.69  504378    
bqp500-1      16  4   6   -87728    301.95  493792    
bqp500-1      16  4   7   -83163    302.34  497950    
bqp500-1      16  4   8   -83224    302.72  494248    
bqp500-1      16  4   9   -79039    300.70  495976    
bqp500-1      16  4   10  -80289    300.24  495934    
bqp500-1      16  4   11  -84172    300.45  493950    
bqp500-1      16  4   12  -85757    302.55  497724    
bqp500-1      16  4   13  -86399    301.73  494962    
bqp500-1      16  4   14  -78172    302.80  501156    
bqp500-1      16  4   15  -88960    300.28  483334 
bqp500-1      18  2   1   -85076    300.01  411426    
bqp500-1      18  2   2   -107221   300.44  443740    
bqp500-1      18  2   3   -78227    300.07  428428    
bqp500-1      18  2   4   -100873   300.17  418134    
bqp500-1      18  2   5   -95511    300.41  458152
bqp500-1      18  2   6   -67216    301.36  274254    
bqp500-1      18  2   7   -77133    304.91  274036    
bqp500-1      18  2   8   -65867    303.01  276222    
bqp500-1      18  2   9   -73038    301.34  274322    
bqp500-1      18  2   10  -68570    300.00  275072    
bqp500-1      18  2   11  -68336    302.01  276344    
bqp500-1      18  2   12  -68068    303.20  281126    
bqp500-1      18  2   13  -80965    300.35  274366    
bqp500-1      18  2   14  -69691    302.16  272012
bqp500-1      18  2   15  -61164    302.27  465204    