0.50 p3000-1 19.46 0.96
0.50 p3000-1 1,698.00 55.56
0.50 p3000-1 3,873,349.00 9,193.39
MM p3000-1 17.68 1.74
MM p3000-1 1,660.00 62.39
MM p3000-1 3,877,154.00 4,971.80
PM p3000-1 112.47 90.74
PM p3000-1 11,971.00 9,648.62
PM p3000-1 209,172.00 32,527.63

0.50 p4000-1 24.77 6.20
0.50 p4000-1 2,333.00 124.72
0.50 p4000-1 6,114,656.00 15,289.99
MM p4000-1 35.93 2.68
MM p4000-1 2,290.00 77.79
MM p4000-1 6,110,571.00 10,172.44
PM p4000-1 180.35 99.98
PM p4000-1 15,174.00 8,184.74
PM p4000-1 267,056.00 80,993.60


0.50 p5000-2 43.10 9.47
0.50 p5000-2 2,892.00 101.79
0.50 p5000-2 10,726,294.00 34,059.87
MM p5000-2 56.10 5.20
MM p5000-2 2,918.00 126.48
MM p5000-2 10,723,100.00 24,776.69
PM p5000-2 127.02 103.34
PM p5000-2 8,659.00 7,363.41
PM p5000-2 471,432.00 60,119.21

0.50 p6000-2 64.11 12.00
0.50 p6000-2 3,386.00 80.14
0.50 p6000-2 14,172,689.00 26,750.94
MM p6000-2 84.02 3.68
MM p6000-2 3,536.00 101.44
MM p6000-2 14,202,474.00 25,915.43
PM p6000-2 211.60 79.54
PM p6000-2 13,296.00 6,546.96
PM p6000-2 319,355.00 138,115.97


0.50 p7000-1 92.58 14.19
0.50 p7000-1 4,125.00 147.61
0.50 p7000-1 14,360,117.00 22,539.14
MM p7000-1 111.20 9.66
MM p7000-1 4,089.00 148.33
MM p7000-1 14,359,571.00 16,492.13
PM p7000-1 117.68 88.95
PM p7000-1 5,472.00 3,803.46
PM p7000-1 363,066.00 104,628.27

0.50 p7000-2 91.10 16.50
0.50 p7000-2 3,997.00 91.93
0.50 p7000-2 18,069,683.00 26,020.15
MM p7000-2 111.90 8.39
MM p7000-2 4,070.00 133.62
MM p7000-2 18,084,887.00 26,389.69
PM p7000-2 138.04 91.03
PM p7000-2 9,269.00 8,782.53
PM p7000-2 489,829.00 159,607.59

Fp3000-1.txt
25 31.37 6.03
25 3,902,394.00 11,764.39
25 2,357.00 457.98
50 28.06 2.55
50 3,898,712.00 9,745.21
50 2,148.00 287.84
100 29.11 2.49
100 3,898,305.00 4,529.25
100 2,154.00 190.55
200 25.38 2.68
200 3,892,803.00 9,158.12
200 1,889.00 102.55

Rp3000-1.txt
25 30.46 4.31
25 3,897,112.00 11,354.43
25 2,327.00 294.16
50 31.91 3.07
50 3,901,385.00 7,326.83
50 2,347.00 297.20
100 25.94 2.85
100 3,894,647.00 10,204.86
100 2,058.00 209.03
200 23.77 3.61
200 3,891,386.00 9,239.06
200 1,852.00 128.04

Fp3000-2.txt
25 34.02 6.49
25 5,166,355.00 12,314.92
25 2,408.00 417.76
50 31.69 5.60
50 5,165,564.00 9,614.28
50 2,203.00 390.10
100 26.74 3.50
100 5,158,735.00 9,129.08
100 1,981.00 158.12
200 26.67 2.22
200 5,160,385.00 9,190.85
200 1,943.00 91.77

Rp3000-2.txt
25 32.97 5.36
25 5,166,956.00 10,519.18
25 2,495.00 433.36
50 27.94 2.63
50 5,167,136.00 11,971.79
50 2,132.00 268.98
100 25.63 3.31
100 5,156,233.00 15,809.45
100 1,958.00 190.50
200 26.94 2.88
200 5,160,036.00 11,360.57
200 2,010.00 192.22

Fp4000-1.txt
25 62.51 10.40
25 6,153,214.00 10,846.76
25 3,471.00 676.37
50 56.51 6.01
50 6,142,072.00 6,801.83
50 3,091.00 311.33
100 51.30 7.53
100 6,140,954.00 14,134.45
100 2,808.00 293.46
200 48.15 5.05
200 6,135,716.00 14,852.40
200 2,637.00 233.65

Rp4000-1.txt
25 61.38 11.60
25 6,144,457.00 12,146.03
25 3,599.00 723.70
50 49.99 6.65
50 6,139,663.00 10,609.79
50 2,961.00 394.59
100 50.56 7.62
100 6,138,300.00 15,810.01
100 2,848.00 302.74
200 43.55 2.85
200 6,132,841.00 12,397.92
200 2,591.00 118.86

Fp4000-2.txt
25 61.79 22.65
25 7,759,527.00 16,158.83
25 3,405.00 1,123.31
50 53.45 4.76
50 7,753,946.00 7,591.83
50 2,842.00 327.58
100 51.66 4.42
100 7,752,478.00 13,015.54
100 2,721.00 199.77
200 48.56 3.39
200 7,748,210.00 9,398.20
200 2,620.00 116.40

Rp4000-2.txt
25 58.83 7.52
25 7,754,715.00 13,638.66
25 3,231.00 303.14
50 49.83 3.97
50 7,752,555.00 13,054.09
50 2,836.00 188.59
100 49.02 4.37
100 7,756,985.00 9,596.20
100 2,802.00 135.55
200 44.40 3.60
200 7,748,801.00 12,029.64
200 2,642.00 200.66

Fp5000-1.txt
25 98.44 16.18
25 8,508,638.00 10,581.88
25 4,202.00 704.97
50 90.49 14.18
50 8,504,893.00 17,768.97
50 3,880.00 550.24
100 80.41 8.35
100 8,504,889.00 16,770.52
100 3,481.00 289.17
200 77.89 6.39
200 8,502,606.00 10,926.20
200 3,352.00 252.71

Rp5000-1.txt
25 98.37 17.06
25 8,513,999.00 15,585.74
25 4,493.00 886.10
50 80.54 7.65
50 8,508,033.00 15,764.34
50 3,827.00 430.23
100 76.24 6.49
100 8,500,684.00 18,912.36
100 3,601.00 266.66
200 72.50 11.07
200 8,502,311.00 15,413.73
200 3,370.00 182.83

Fp5000-2.txt
25 89.12 7.47
25 10,776,675.00 15,389.89
25 3,816.00 306.79
50 89.09 8.48
50 10,778,181.00 16,344.40
50 3,765.00 216.80
100 80.17 5.64
100 10,765,743.00 17,092.93
100 3,456.00 224.64
200 76.43 3.19
200 10,757,916.00 12,746.77
200 3,264.00 154.91

Rp5000-2.txt
25 96.04 12.38
25 10,782,342.00 16,353.77
25 4,284.00 568.31
50 83.12 11.16
50 10,766,780.00 19,773.44
50 3,938.00 651.18
100 76.18 4.84
100 10,757,255.00 19,209.06
100 3,555.00 374.43
200 71.90 11.28
200 10,760,405.00 24,932.12
200 3,380.00 321.07

Fp6000-1.txt
25 168.57 39.32
25 11,325,032.00 16,190.80
25 6,034.00 1,584.98
50 127.06 16.41
50 11,307,461.00 9,448.72
50 4,468.00 516.95
100 124.58 14.46
100 11,311,666.00 18,652.62
100 4,470.00 524.65
200 108.97 8.95
200 11,299,003.00 13,064.42
200 3,861.00 251.41

Rp6000-1.txt
25 130.78 18.70
25 11,318,192.00 18,847.41
25 4,923.00 565.53
50 125.90 18.01
50 11,300,156.00 16,894.70
50 4,718.00 553.78
100 120.17 11.52
100 11,307,204.00 11,202.19
100 4,786.00 431.35
200 108.48 18.46
200 11,311,148.00 10,122.67
200 4,234.00 365.22

Fp6000-2.txt
25 151.10 24.71
25 14,242,645.00 17,310.40
25 5,310.00 1,082.61
50 135.26 20.76
50 14,246,398.00 13,534.13
50 4,829.00 775.41
100 118.30 8.15
100 14,235,350.00 21,499.09
100 4,121.00 271.54
200 108.22 10.46
200 14,220,359.00 24,582.87
200 3,851.00 286.69

Rp6000-2.txt
25 161.31 48.94
25 14,253,997.00 9,510.39
25 6,008.00 1,652.78
50 122.54 21.63
50 14,242,617.00 21,191.69
50 4,772.00 1,192.03
100 105.35 13.05
100 14,242,631.00 26,941.77
100 4,180.00 219.12
200 96.32 16.71
200 14,223,770.00 20,884.09
200 3,903.00 280.27

Fp7000-1.txt
25 212.99 35.23
25 14,406,677.00 17,806.45
25 6,312.00 1,185.00
50 186.71 23.19
50 14,398,214.00 14,968.95
50 5,553.00 575.58
100 161.83 13.59
100 14,389,929.00 14,822.82
100 4,817.00 347.63
200 151.84 11.90
200 14,392,995.00 21,916.66
200 4,642.00 303.33

Rp7000-1.txt
25 196.18 38.56
25 14,406,908.00 11,159.71
25 6,245.00 1,472.85
50 165.66 21.35
50 14,406,096.00 23,009.21
50 5,487.00 416.83
100 144.00 24.24
100 14,392,915.00 15,352.64
100 4,841.00 374.28
200 138.49 34.10
200 14,385,193.00 19,281.53
200 4,848.00 330.30

Fp7000-2.txt
25 207.55 30.49
25 18,166,086.00 17,177.08
25 6,102.00 944.13
50 182.49 20.62
50 18,151,614.00 26,421.04
50 5,422.00 636.15
100 163.73 14.92
100 18,155,403.00 21,064.81
100 4,936.00 376.11
200 152.02 14.41
200 18,131,852.00 33,498.40
200 4,696.00 348.93

Rp7000-2.txt
25 184.21 38.64
25 18,155,649.00 22,190.37
25 5,976.00 1,176.32
50 147.12 20.52
50 18,142,684.00 18,215.47
50 4,892.00 374.99
100 152.23 38.15
100 18,137,881.00 24,819.27
100 5,112.00 406.12
200 136.18 34.17
200 18,143,847.00 23,849.11
200 4,749.00 353.63
