tenure instance      d   rep v           it        time    
R      bqp50-1       25  1   -2098       42        0.008003
R      bqp50-1       25  2   -1877       25        0.005252
R      bqp50-1       25  3   -2098       40        0.020664
R      bqp50-1       25  4   -1867       23        0.004529
R      bqp50-1       25  5   -2012       75        0.012668
R      bqp50-1       25  6   -1817       23        0.004360
R      bqp50-1       25  7   -2098       21        0.003839
R      bqp50-1       25  8   -2012       25        0.004936
R      bqp50-1       25  9   -2098       55        0.029561
R      bqp50-1       25  10  -1934       29        0.005408
R      bqp50-1       25  11  -1928       39        0.031313
R      bqp50-1       25  12  -2098       34        0.022748
R      bqp50-1       25  13  -1928       18        0.003668
R      bqp50-1       25  14  -1934       26        0.004632
R      bqp50-1       25  15  -2098       71        0.026110
R      bqp50-1       25  16  -2098       33        0.026336
R      bqp50-1       25  17  -1934       24        0.016797
R      bqp50-1       25  18  -1789       16        0.003174
R      bqp50-1       25  19  -1928       32        0.016691
R      bqp50-1       25  20  -1809       19        0.003577
R      bqp50-1       25  21  -1867       22        0.004246
R      bqp50-1       25  22  -1798       22        0.004308
R      bqp50-1       25  23  -2098       21        0.032892
R      bqp50-1       25  24  -2098       38        0.007240
R      bqp50-1       25  25  -2098       32        0.013850
R      bqp50-1       25  26  -1944       30        0.005400
R      bqp50-1       25  27  -1789       22        0.004244
R      bqp50-1       25  28  -2098       26        0.005251
R      bqp50-1       25  29  -2098       36        0.006792
R      bqp50-1       25  30  -1885       15        0.002947
R      bqp100-1      25  1   -7425       51        0.035352
R      bqp100-1      25  2   -7525       55        0.052465
R      bqp100-1      25  3   -7750       49        0.033409
R      bqp100-1      25  4   -7848       94        0.032291
R      bqp100-1      25  5   -7848       59        0.037400
R      bqp100-1      25  6   -7694       57        0.037156
R      bqp100-1      25  7   -7884       77        0.058627
R      bqp100-1      25  8   -7970       52        0.019997
R      bqp100-1      25  9   -7793       61        0.024173
R      bqp100-1      25  10  -7545       77        0.028112
R      bqp100-1      25  11  -7884       45        0.016950
R      bqp100-1      25  12  -7928       182       0.065019
R      bqp100-1      25  13  -7288       50        0.040135
R      bqp100-1      25  14  -7918       67        0.023848
R      bqp100-1      25  15  -7261       43        0.042635
R      bqp100-1      25  16  -7789       66        0.023050
R      bqp100-1      25  17  -7928       86        0.030511
R      bqp100-1      25  18  -7822       73        0.026997
R      bqp100-1      25  19  -7898       80        0.029177
R      bqp100-1      25  20  -7545       51        0.019644
R      bqp100-1      25  21  -7679       133       0.046520
R      bqp100-1      25  22  -7840       88        0.032273
R      bqp100-1      25  23  -7789       96        0.032878
R      bqp100-1      25  24  -7264       39        0.013999
R      bqp100-1      25  25  -7898       64        0.023323
R      bqp100-1      25  26  -7928       57        0.027700
R      bqp100-1      25  27  -7970       47        0.017580
R      bqp100-1      25  28  -7793       44        0.016742
R      bqp100-1      25  29  -7787       92        0.033501
R      bqp100-1      25  30  -7970       76        0.039681
R      bqp250-1      25  1   -45579      176       0.358604
R      bqp250-1      25  2   -45069      171       0.159937
R      bqp250-1      25  3   -45470      142       0.255556
R      bqp250-1      25  4   -45241      150       0.136311
R      bqp250-1      25  5   -45579      169       0.265746
R      bqp250-1      25  6   -45579      183       0.152026
R      bqp250-1      25  7   -45583      154       0.144989
R      bqp250-1      25  8   -45415      152       0.132177
R      bqp250-1      25  9   -45327      128       0.107891
R      bqp250-1      25  10  -45209      132       0.250887
R      bqp250-1      25  11  -45343      146       0.133590
R      bqp250-1      25  12  -45231      130       0.138735
R      bqp250-1      25  13  -45607      152       0.415926
R      bqp250-1      25  14  -45343      180       0.264276
R      bqp250-1      25  15  -45087      135       0.276325
R      bqp250-1      25  16  -45607      129       0.115143
R      bqp250-1      25  17  -45470      135       0.113565
R      bqp250-1      25  18  -45536      144       0.127908
R      bqp250-1      25  19  -45241      149       0.233752
R      bqp250-1      25  20  -45137      155       0.166633
R      bqp250-1      25  21  -45470      158       0.208100
R      bqp250-1      25  22  -45327      188       0.156978
R      bqp250-1      25  23  -45499      138       0.239419
R      bqp250-1      25  24  -45470      161       0.141467
R      bqp250-1      25  25  -45137      175       0.142678
R      bqp250-1      25  26  -45583      165       0.136664
R      bqp250-1      25  27  -44995      181       0.233213
R      bqp250-1      25  28  -44810      161       0.231275
R      bqp250-1      25  29  -45579      142       0.256028
R      bqp250-1      25  30  -44871      155       0.258252
R      bqp500-1      25  1   -115668     306       0.988470
R      bqp500-1      25  2   -115342     284       0.970207
R      bqp500-1      25  3   -115251     250       0.801254
R      bqp500-1      25  4   -114918     343       0.698679
R      bqp500-1      25  5   -112993     249       0.966330
R      bqp500-1      25  6   -114810     375       1.299830
R      bqp500-1      25  7   -115842     392       0.624076
R      bqp500-1      25  8   -116246     318       0.798523
R      bqp500-1      25  9   -115176     328       1.068315
R      bqp500-1      25  10  -114615     287       0.596590
R      bqp500-1      25  11  -115068     282       0.588694
R      bqp500-1      25  12  -115780     427       0.801386
R      bqp500-1      25  13  -115132     339       0.946642
R      bqp500-1      25  14  -113214     313       0.732299
R      bqp500-1      25  15  -115277     306       1.198887
R      bqp500-1      25  16  -114566     278       0.709584
R      bqp500-1      25  17  -115733     370       0.891389
R      bqp500-1      25  18  -112726     248       0.993228
R      bqp500-1      25  19  -114638     385       1.343214
R      bqp500-1      25  20  -116412     1023      1.910985
R      bqp500-1      25  21  -114500     288       0.617207
R      bqp500-1      25  22  -114595     300       0.622818
R      bqp500-1      25  23  -115512     293       0.666969
R      bqp500-1      25  24  -115379     330       0.619743
R      bqp500-1      25  25  -115057     432       0.848910
R      bqp500-1      25  26  -113835     276       1.201722
R      bqp500-1      25  27  -113222     339       0.755550
R      bqp500-1      25  28  -113018     252       1.126096
R      bqp500-1      25  29  -115137     337       1.062629
R      bqp500-1      25  30  -112651     273       0.592267
R      bqp50-1       34  1   -1946       19        0.003840
R      bqp50-1       34  2   -2098       70        0.012499
R      bqp50-1       34  3   -2098       33        0.006475
R      bqp50-1       34  4   -2098       34        0.006667
R      bqp50-1       34  5   -2098       32        0.006301
R      bqp50-1       34  6   -2012       28        0.005463
R      bqp50-1       34  7   -1867       25        0.004870
R      bqp50-1       34  8   -1786       17        0.003534
R      bqp50-1       34  9   -1819       24        0.005039
R      bqp50-1       34  10  -1817       33        0.006377
R      bqp50-1       34  11  -2098       28        0.005566
R      bqp50-1       34  12  -1946       19        0.004015
R      bqp50-1       34  13  -1903       58        0.010830
R      bqp50-1       34  14  -2098       52        0.030184
R      bqp50-1       34  15  -1563       20        0.014329
R      bqp50-1       34  16  -2098       52        0.009561
R      bqp50-1       34  17  -1737       31        0.017176
R      bqp50-1       34  18  -1928       23        0.004760
R      bqp50-1       34  19  -2098       24        0.007502
R      bqp50-1       34  20  -1798       38        0.018638
R      bqp50-1       34  21  -2012       27        0.008886
R      bqp50-1       34  22  -1834       18        0.003638
R      bqp50-1       34  23  -1797       24        0.004528
R      bqp50-1       34  24  -2098       37        0.007001
R      bqp50-1       34  25  -1877       25        0.004937
R      bqp50-1       34  26  -2012       22        0.004287
R      bqp50-1       34  27  -1707       25        0.004564
R      bqp50-1       34  28  -2098       49        0.009611
R      bqp50-1       34  29  -2098       59        0.011435
R      bqp50-1       34  30  -1798       20        0.004126
R      bqp100-1      34  1   -7928       64        0.023114
R      bqp100-1      34  2   -7822       63        0.029999
R      bqp100-1      34  3   -7840       39        0.013930
R      bqp100-1      34  4   -7904       49        0.016753
R      bqp100-1      34  5   -7485       48        0.016858
R      bqp100-1      34  6   -7789       86        0.029030
R      bqp100-1      34  7   -7519       68        0.024611
R      bqp100-1      34  8   -7493       46        0.017335
R      bqp100-1      34  9   -7707       43        0.015756
R      bqp100-1      34  10  -7235       33        0.012370
R      bqp100-1      34  11  -7918       85        0.065392
R      bqp100-1      34  12  -7850       91        0.084227
R      bqp100-1      34  13  -7918       60        0.023561
R      bqp100-1      34  14  -7848       53        0.104310
R      bqp100-1      34  15  -7739       64        0.024859
R      bqp100-1      34  16  -7811       78        0.042258
R      bqp100-1      34  17  -7656       75        0.049072
R      bqp100-1      34  18  -7526       38        0.030283
R      bqp100-1      34  19  -7750       50        0.043572
R      bqp100-1      34  20  -7280       51        0.050629
R      bqp100-1      34  21  -7660       52        0.035431
R      bqp100-1      34  22  -7706       89        0.073806
R      bqp100-1      34  23  -7928       62        0.041566
R      bqp100-1      34  24  -7394       57        0.022810
R      bqp100-1      34  25  -7459       47        0.035859
R      bqp100-1      34  26  -7706       149       0.062301
R      bqp100-1      34  27  -7450       49        0.036419
R      bqp100-1      34  28  -7694       103       0.035044
R      bqp100-1      34  29  -7898       56        0.020833
R      bqp100-1      34  30  -7529       62        0.037618
R      bqp250-1      34  1   -45193      168       0.332352
R      bqp250-1      34  2   -45579      152       0.199560
R      bqp250-1      34  3   -44810      191       0.405826
R      bqp250-1      34  4   -45275      142       0.142279
R      bqp250-1      34  5   -45355      131       0.128952
R      bqp250-1      34  6   -45470      128       0.279415
R      bqp250-1      34  7   -45125      139       0.230155
R      bqp250-1      34  8   -45355      116       0.096878
R      bqp250-1      34  9   -45583      134       0.159168
R      bqp250-1      34  10  -45579      144       0.253055
R      bqp250-1      34  11  -45607      144       0.350163
R      bqp250-1      34  12  -45137      170       0.227649
R      bqp250-1      34  13  -45508      271       0.534604
R      bqp250-1      34  14  -45583      129       0.109476
R      bqp250-1      34  15  -45231      131       0.164585
R      bqp250-1      34  16  -45607      121       0.131804
R      bqp250-1      34  17  -45125      137       0.154386
R      bqp250-1      34  18  -45282      142       0.238363
R      bqp250-1      34  19  -45483      129       0.252362
R      bqp250-1      34  20  -45579      160       0.160017
R      bqp250-1      34  21  -45339      170       0.186185
R      bqp250-1      34  22  -45499      163       0.305537
R      bqp250-1      34  23  -45406      160       0.380595
R      bqp250-1      34  24  -45607      173       0.183628
R      bqp250-1      34  25  -45413      152       0.153191
R      bqp250-1      34  26  -44927      121       0.343340
R      bqp250-1      34  27  -45483      128       0.118618
R      bqp250-1      34  28  -45207      142       0.145214
R      bqp250-1      34  29  -45483      143       0.149130
R      bqp250-1      34  30  -44458      139       0.275548
R      bqp500-1      34  1   -114164     339       0.762084
R      bqp500-1      34  2   -115944     332       0.677546
R      bqp500-1      34  3   -115451     353       0.929960
R      bqp500-1      34  4   -112344     271       0.624920
R      bqp500-1      34  5   -115589     354       1.353781
R      bqp500-1      34  6   -114593     249       0.475207
R      bqp500-1      34  7   -114456     365       0.940207
R      bqp500-1      34  8   -112675     224       0.633218
R      bqp500-1      34  9   -112006     323       0.655172
R      bqp500-1      34  10  -115342     340       1.041916
R      bqp500-1      34  11  -114957     278       1.032035
R      bqp500-1      34  12  -112620     258       0.627705
R      bqp500-1      34  13  -113527     293       0.922572
R      bqp500-1      34  14  -114104     318       0.651015
R      bqp500-1      34  15  -113886     257       0.564127
R      bqp500-1      34  16  -114645     266       0.733069
R      bqp500-1      34  17  -113310     338       0.792237
R      bqp500-1      34  18  -114998     384       0.730695
R      bqp500-1      34  19  -114887     304       0.729798
R      bqp500-1      34  20  -115629     302       1.109444
R      bqp500-1      34  21  -114164     308       0.753770
R      bqp500-1      34  22  -113174     289       0.483533
R      bqp500-1      34  23  -115071     261       0.866823
R      bqp500-1      34  24  -114723     371       0.830332
R      bqp500-1      34  25  -113764     278       0.638920
R      bqp500-1      34  26  -115421     297       0.623221
R      bqp500-1      34  27  -115210     295       0.723588
R      bqp500-1      34  28  -114819     319       1.237515
R      bqp500-1      34  29  -115589     303       0.679586
R      bqp500-1      34  30  -114756     313       0.623054
R      p3000-1.txt   25  1   3909394     2941      44.292178
R      p3000-1.txt   25  2   3875828     2139      50.096381
R      p3000-1.txt   25  3   3904008     2643      66.676345
R      p3000-1.txt   25  4   3894564     2116      52.681503
R      p3000-1.txt   25  5   3896813     1998      50.401765
R      p3000-1.txt   25  6   3908309     2424      59.857511
R      p3000-1.txt   25  7   3874954     1981      36.202765
R      p3000-1.txt   25  8   3902526     2369      28.641766
R      p3000-1.txt   25  9   3907747     2747      35.317316
R      p3000-1.txt   25  10  3918225     2183      31.057088
R      p3000-1.txt   25  11  3912757     2402      32.601759
R      p3000-1.txt   25  12  3897994     2673      33.133924
R      p3000-1.txt   25  13  3919662     4064      54.115537
R      p3000-1.txt   25  14  3893231     3233      43.502992
R      p3000-1.txt   25  15  3894638     2030      21.946765
R      p3000-1.txt   25  16  3894972     2425      28.998770
R      p3000-1.txt   25  17  3918091     2750      35.590304
R      p3000-1.txt   25  18  3889248     2367      27.727662
R      p3000-1.txt   25  19  3895510     2078      25.282642
R      p3000-1.txt   25  20  3903217     2147      30.468660
R      p3000-1.txt   25  21  3901469     3297      46.091678
R      p3000-1.txt   25  22  3905890     4074      62.700681
R      p3000-1.txt   25  23  3894770     1941      35.460525
R      p3000-1.txt   25  24  3900118     2428      40.330225
R      p3000-1.txt   25  25  3902270     3083      34.609308
R      p3000-1.txt   25  26  3900582     2763      31.479434
R      p3000-1.txt   25  27  3907845     4328      52.961759
R      p3000-1.txt   25  28  3892728     2428      28.270220
R      p3000-1.txt   25  29  3908578     2022      23.207346
R      p3000-1.txt   25  30  3900499     2792      33.527936
R      p3000-2.txt   25  1   5172390     2044      34.142768
R      p3000-2.txt   25  2   5173342     2657      60.141259
R      p3000-2.txt   25  3   5181982     2810      73.386647
R      p3000-2.txt   25  4   5172964     2879      72.190362
R      p3000-2.txt   25  5   5177568     1926      53.186210
R      p3000-2.txt   25  6   5162855     2024      55.548238
R      p3000-2.txt   25  7   5172076     2537      46.973139
R      p3000-2.txt   25  8   5173985     2012      23.034461
R      p3000-2.txt   25  9   5160834     1886      25.139741
R      p3000-2.txt   25  10  5164744     3375      42.464935
R      p3000-2.txt   25  11  5168102     2314      29.043946
R      p3000-2.txt   25  12  5165732     2057      28.020057
R      p3000-2.txt   25  13  5178928     2403      28.682887
R      p3000-2.txt   25  14  5162564     2225      27.668748
R      p3000-2.txt   25  15  5181465     2526      34.238739
R      p3000-2.txt   25  16  5182115     2239      28.808506
R      p3000-2.txt   25  17  5151882     1841      26.159850
R      p3000-2.txt   25  18  5155037     2602      33.792040
R      p3000-2.txt   25  19  5128567     1724      20.323480
R      p3000-2.txt   25  20  5167908     2281      35.256013
R      p3000-2.txt   25  21  5167787     3160      46.609776
R      p3000-2.txt   25  22  5166745     2161      36.919823
R      p3000-2.txt   25  23  5188955     2158      35.498630
R      p3000-2.txt   25  24  5166423     2780      40.189802
R      p3000-2.txt   25  25  5156730     2503      31.530908
R      p3000-2.txt   25  26  5157163     2228      31.455777
R      p3000-2.txt   25  27  5173575     2052      23.566326
R      p3000-2.txt   25  28  5178533     2167      25.010875
R      p3000-2.txt   25  29  5173554     3533      44.231002
R      p3000-2.txt   25  30  5173784     2250      25.806876
R      p4000-1.txt   25  1   6156591     2916      67.606370
R      p4000-1.txt   25  2   6148602     3938      128.287017
R      p4000-1.txt   25  3   6160278     5027      168.684414
R      p4000-1.txt   25  4   6141419     2793      100.029148
R      p4000-1.txt   25  5   6167966     4851      167.477397
R      p4000-1.txt   25  6   6163125     3284      99.525863
R      p4000-1.txt   25  7   6152434     4521      92.873138
R      p4000-1.txt   25  8   6135084     2987      50.813339
R      p4000-1.txt   25  9   6112723     2441      41.731062
R      p4000-1.txt   25  10  6129707     2542      46.157132
R      p4000-1.txt   25  11  6160673     3104      53.480450
R      p4000-1.txt   25  12  6155796     5558      100.804037
R      p4000-1.txt   25  13  6124338     2741      44.049344
R      p4000-1.txt   25  14  6143265     3767      62.329581
R      p4000-1.txt   25  15  6134051     3312      57.905578
R      p4000-1.txt   25  16  6151794     3885      68.355036
R      p4000-1.txt   25  17  6134612     2610      51.154109
R      p4000-1.txt   25  18  6147484     3792      65.599123
R      p4000-1.txt   25  19  6171565     4839      80.902888
R      p4000-1.txt   25  20  6133574     3508      61.596745
R      p4000-1.txt   25  21  6152968     4613      95.611134
R      p4000-1.txt   25  22  6130567     2506      51.567867
R      p4000-1.txt   25  23  6140878     2770      56.625550
R      p4000-1.txt   25  24  6140406     3953      64.830479
R      p4000-1.txt   25  25  6144490     3454      62.435136
R      p4000-1.txt   25  26  6154735     4070      63.020346
R      p4000-1.txt   25  27  6139030     4621      79.274391
R      p4000-1.txt   25  28  6147467     2535      41.511844
R      p4000-1.txt   25  29  6162501     2752      45.660310
R      p4000-1.txt   25  30  6155266     3083      59.433684
R      p4000-2.txt   25  1   7749414     3090      81.152368
R      p4000-2.txt   25  2   7773586     4452      149.440775
R      p4000-2.txt   25  3   7755172     3341      113.651321
R      p4000-2.txt   25  4   7744590     2568      87.970233
R      p4000-2.txt   25  5   7762940     3618      118.857932
R      p4000-2.txt   25  6   7756696     4663      132.550271
R      p4000-2.txt   25  7   7753323     2955      64.747724
R      p4000-2.txt   25  8   7748227     3864      64.499974
R      p4000-2.txt   25  9   7772218     4390      71.720270
R      p4000-2.txt   25  10  7785382     5695      94.497929
R      p4000-2.txt   25  11  7762589     3070      60.293516
R      p4000-2.txt   25  12  7740063     2597      44.433476
R      p4000-2.txt   25  13  7751202     2661      42.495754
R      p4000-2.txt   25  14  7778335     4150      73.020762
R      p4000-2.txt   25  15  7758333     2899      48.282665
R      p4000-2.txt   25  16  7719281     2724      43.988308
R      p4000-2.txt   25  17  7720768     2414      43.665571
R      p4000-2.txt   25  18  7725270     3588      61.516842
R      p4000-2.txt   25  19  7746191     3114      53.363571
R      p4000-2.txt   25  20  7763780     4333      83.487262
R      p4000-2.txt   25  21  7753604     2673      57.473282
R      p4000-2.txt   25  22  7745190     3487      79.280723
R      p4000-2.txt   25  23  7773659     3650      76.597842
R      p4000-2.txt   25  24  7766067     2980      48.422331
R      p4000-2.txt   25  25  7741702     3057      48.682840
R      p4000-2.txt   25  26  7751398     2831      43.603205
R      p4000-2.txt   25  27  7761794     2942      53.467373
R      p4000-2.txt   25  28  7767707     3882      62.026772
R      p4000-2.txt   25  29  7746659     2725      41.405346
R      p4000-2.txt   25  30  7753032     2602      40.249536
R      p5000-1.txt   25  1   8510259     4313      155.454851
R      p5000-1.txt   25  2   8490133     3522      153.980866
R      p5000-1.txt   25  3   8511364     4051      176.973589
R      p5000-1.txt   25  4   8498208     3263      144.143733
R      p5000-1.txt   25  5   8519619     4038      178.665038
R      p5000-1.txt   25  6   8531002     3733      120.067050
R      p5000-1.txt   25  7   8475877     3296      68.265979
R      p5000-1.txt   25  8   8490742     3592      74.720538
R      p5000-1.txt   25  9   8535666     4443      88.328789
R      p5000-1.txt   25  10  8540736     7421      166.685446
R      p5000-1.txt   25  11  8510785     3964      82.448957
R      p5000-1.txt   25  12  8513489     4028      82.569624
R      p5000-1.txt   25  13  8488053     3154      64.699826
R      p5000-1.txt   25  14  8527850     4766      96.555493
R      p5000-1.txt   25  15  8503635     3434      68.752658
R      p5000-1.txt   25  16  8513295     3589      81.977800
R      p5000-1.txt   25  17  8509494     3719      78.178568
R      p5000-1.txt   25  18  8520447     4399      97.319757
R      p5000-1.txt   25  19  8494074     3282      65.211227
R      p5000-1.txt   25  20  8519247     4551      102.124677
R      p5000-1.txt   25  21  8491826     3206      91.172646
R      p5000-1.txt   25  22  8494670     3880      98.433407
R      p5000-1.txt   25  23  8512490     5018      106.467233
R      p5000-1.txt   25  24  8495007     3418      65.748275
R      p5000-1.txt   25  25  8503251     4545      97.903067
R      p5000-1.txt   25  26  8534398     4440      87.068076
R      p5000-1.txt   25  27  8483191     3736      69.533664
R      p5000-1.txt   25  28  8490840     3529      79.919497
R      p5000-1.txt   25  29  8516000     4025      82.126855
R      p5000-1.txt   25  30  8499913     4014      79.932752
R      p5000-2.txt   25  1   10752695    3152      125.384657
R      p5000-2.txt   25  2   10761328    5497      236.067556
R      p5000-2.txt   25  3   10776770    3472      156.706879
R      p5000-2.txt   25  4   10791578    4805      204.603508
R      p5000-2.txt   25  5   10793822    5152      225.583637
R      p5000-2.txt   25  6   10792938    3706      112.904283
R      p5000-2.txt   25  7   10748294    3963      81.777867
R      p5000-2.txt   25  8   10799263    5118      107.284654
R      p5000-2.txt   25  9   10807368    4996      98.950078
R      p5000-2.txt   25  10  10814109    4871      106.127084
R      p5000-2.txt   25  11  10756928    3588      82.171612
R      p5000-2.txt   25  12  10781853    3837      88.992827
R      p5000-2.txt   25  13  10779138    4494      88.607497
R      p5000-2.txt   25  14  10785212    6221      139.996421
R      p5000-2.txt   25  15  10778516    4696      102.560671
R      p5000-2.txt   25  16  10772324    4919      95.887313
R      p5000-2.txt   25  17  10756086    3479      72.883836
R      p5000-2.txt   25  18  10794715    4766      104.991907
R      p5000-2.txt   25  19  10792202    5669      120.984743
R      p5000-2.txt   25  20  10792575    4339      113.484428
R      p5000-2.txt   25  21  10781040    4367      121.160161
R      p5000-2.txt   25  22  10753963    3512      91.735531
R      p5000-2.txt   25  23  10771707    3981      83.619826
R      p5000-2.txt   25  24  10784551    6087      132.477822
R      p5000-2.txt   25  25  10782176    4547      99.520101
R      p5000-2.txt   25  26  10771043    4239      82.898661
R      p5000-2.txt   25  27  10756047    8782      179.921501
R      p5000-2.txt   25  28  10727409    2996      61.798918
R      p5000-2.txt   25  29  10746712    3970      78.138928
R      p5000-2.txt   25  30  10768432    5900      114.384587
R      p6000-1.txt   25  1   11296856    4897      258.209994
R      p6000-1.txt   25  2   11306365    5901      300.009397
R      p6000-1.txt   25  3   11315229    5290      269.506426
R      p6000-1.txt   25  4   11332251    5196      271.040557
R      p6000-1.txt   25  5   11318961    4581      193.932436
R      p6000-1.txt   25  6   11296071    4023      132.124286
R      p6000-1.txt   25  7   11294863    3918      104.316426
R      p6000-1.txt   25  8   11332871    7031      192.718261
R      p6000-1.txt   25  9   11308384    4262      108.050506
R      p6000-1.txt   25  10  11264721    3859      99.329363
R      p6000-1.txt   25  11  11340399    5411      146.579743
R      p6000-1.txt   25  12  11303362    4350      113.830586
R      p6000-1.txt   25  13  11351013    4440      115.516805
R      p6000-1.txt   25  14  11336976    5859      162.626770
R      p6000-1.txt   25  15  11298966    4211      106.458896
R      p6000-1.txt   25  16  11313093    4668      125.764803
R      p6000-1.txt   25  17  11302173    4466      120.959338
R      p6000-1.txt   25  18  11305520    9395      263.400765
R      p6000-1.txt   25  19  11305978    4148      122.919863
R      p6000-1.txt   25  20  11309054    5606      189.945572
R      p6000-1.txt   25  21  11330228    6653      207.157881
R      p6000-1.txt   25  22  11334703    7540      213.279376
R      p6000-1.txt   25  23  11301327    5803      152.255012
R      p6000-1.txt   25  24  11313927    5939      159.241258
R      p6000-1.txt   25  25  11288763    4593      126.698949
R      p6000-1.txt   25  26  11317814    5061      126.598781
R      p6000-1.txt   25  27  11308893    5933      159.673750
R      p6000-1.txt   25  28  11333559    4679      114.779441
R      p6000-1.txt   25  29  11289792    3430      87.028725
R      p6000-1.txt   25  30  11327660    7552      211.470128
R      p6000-2.txt   25  1   14241272    9210      81.872684
R      p6000-2.txt   25  2   14281467    4884      251.603214
R      p6000-2.txt   25  3   14262306    4012      215.224326
R      p6000-2.txt   25  4   14274803    5219      280.587325
R      p6000-2.txt   25  5   14235972    5995      233.092696
R      p6000-2.txt   25  6   14280218    6257      173.134734
R      p6000-2.txt   25  7   14266314    5064      133.700086
R      p6000-2.txt   25  8   14265867    4670      118.903488
R      p6000-2.txt   25  9   14260170    4649      128.998741
R      p6000-2.txt   25  10  14253648    5101      131.430436
R      p6000-2.txt   25  11  14271196    5759      153.601091
R      p6000-2.txt   25  12  14247966    11051     298.137829
R      p6000-2.txt   25  13  14224536    4330      111.464699
R      p6000-2.txt   25  14  14246026    5172      132.804283
R      p6000-2.txt   25  15  14229683    5661      149.048236
R      p6000-2.txt   25  16  14251431    5670      136.032923
R      p6000-2.txt   25  17  14226628    4618      126.093419
R      p6000-2.txt   25  18  14275599    5663      154.696338
R      p6000-2.txt   25  19  14267029    5043      156.471553
R      p6000-2.txt   25  20  14237284    5359      189.020267
R      p6000-2.txt   25  21  14261702    6131      193.475431
R      p6000-2.txt   25  22  14278418    6124      163.393467
R      p6000-2.txt   25  23  14269437    5120      129.832431
R      p6000-2.txt   25  24  14270972    5334      142.588162
R      p6000-2.txt   25  25  14245004    5302      145.406417
R      p6000-2.txt   25  26  14245920    6024      148.817929
R      p6000-2.txt   25  27  14280259    6970      179.215853
R      p6000-2.txt   25  28  14250469    4194      106.250827
R      p6000-2.txt   25  29  14232564    4471      119.637523
R      p6000-2.txt   25  30  14233029    4518      119.924419
R      p7000-1.txt   25  1   14380931    4787      300.045893
R      p7000-1.txt   25  2   14412880    4702      297.580763
R      p7000-1.txt   25  3   14376999    4609      300.057386
R      p7000-1.txt   25  4   14398589    4999      277.254764
R      p7000-1.txt   25  5   14432726    6909      268.413473
R      p7000-1.txt   25  6   14392678    5482      180.419196
R      p7000-1.txt   25  7   14385619    7693      224.948728
R      p7000-1.txt   25  8   14412802    5567      175.717501
R      p7000-1.txt   25  9   14389567    9261      300.017174
R      p7000-1.txt   25  10  14423618    7565      243.759124
R      p7000-1.txt   25  11  14420469    6142      191.033613
R      p7000-1.txt   25  12  14397804    6452      192.961159
R      p7000-1.txt   25  13  14417593    7545      229.495372
R      p7000-1.txt   25  14  14409649    5895      186.049797
R      p7000-1.txt   25  15  14410958    5271      162.986927
R      p7000-1.txt   25  16  14380978    5662      174.755648
R      p7000-1.txt   25  17  14405512    5457      161.624234
R      p7000-1.txt   25  18  14426462    7108      254.000320
R      p7000-1.txt   25  19  14397137    4946      188.190703
R      p7000-1.txt   25  20  14408653    5110      201.519814
R      p7000-1.txt   25  21  14400451    6179      227.596772
R      p7000-1.txt   25  22  14425953    8309      267.123942
R      p7000-1.txt   25  23  14397846    5255      170.553003
R      p7000-1.txt   25  24  14427988    7666      238.641228
R      p7000-1.txt   25  25  14394308    5243      158.401473
R      p7000-1.txt   25  26  14408057    7619      223.795813
R      p7000-1.txt   25  27  14405580    6717      198.837750
R      p7000-1.txt   25  28  14383632    6099      199.175254
R      p7000-1.txt   25  29  14409052    8212      247.350375
R      p7000-1.txt   25  30  14383411    4597      133.986562
R      p7000-2.txt   25  1   18103670    4786      298.892485
R      p7000-2.txt   25  2   18103331    4766      300.047385
R      p7000-2.txt   25  3   18100391    4698      300.015312
R      p7000-2.txt   25  4   18157718    5738      299.530429
R      p7000-2.txt   25  5   18149846    6858      237.490539
R      p7000-2.txt   25  6   18121828    5076      159.260965
R      p7000-2.txt   25  7   18152195    8078      260.196499
R      p7000-2.txt   25  8   18115236    6218      192.398157
R      p7000-2.txt   25  9   18121656    5210      150.216862
R      p7000-2.txt   25  10  18160407    4940      154.455741
R      p7000-2.txt   25  11  18187645    7093      235.223113
R      p7000-2.txt   25  12  18173256    8748      269.067778
R      p7000-2.txt   25  13  18182520    5110      167.344139
R      p7000-2.txt   25  14  18172783    9604      300.021502
R      p7000-2.txt   25  15  18156963    5737      184.273371
R      p7000-2.txt   25  16  18195242    8074      252.914217
R      p7000-2.txt   25  17  18174686    9535      298.263324
R      p7000-2.txt   25  18  18153377    7321      272.296492
R      p7000-2.txt   25  19  18145815    5622      225.960707
R      p7000-2.txt   25  20  18188790    5786      218.628059
R      p7000-2.txt   25  21  18149220    5494      183.867917
R      p7000-2.txt   25  22  18163769    9677      298.709172
R      p7000-2.txt   25  23  18145751    6567      197.875172
R      p7000-2.txt   25  24  18162121    5166      163.955107
R      p7000-2.txt   25  25  18167807    5131      152.278400
R      p7000-2.txt   25  26  18173280    8088      250.725609
R      p7000-2.txt   25  27  18148683    5550      166.212108
R      p7000-2.txt   25  28  18172426    7386      228.858526
R      p7000-2.txt   25  29  18122145    4877      147.478758
R      p7000-2.txt   25  30  18134127    5937      167.307205
F      p3000-1.txt   10  1   3913775     13424     215.237035
F      p3000-1.txt   10  2   3906304     3465      45.727144
F      p3000-1.txt   10  3   3900281     2028      26.450436
F      p3000-1.txt   10  4   3893964     2119      25.521847
F      p3000-1.txt   10  5   3913344     2823      40.684020
F      p3000-1.txt   10  6   3895061     3229      38.591293
F      p3000-1.txt   10  7   3902598     2655      31.846647
F      p3000-1.txt   10  8   3909009     4151      53.997125
F      p3000-1.txt   10  9   3917585     7093      78.837181
F      p3000-1.txt   10  10  3889146     2575      31.136549
F      p3000-1.txt   10  11  3911414     2666      35.501975
F      p3000-1.txt   10  12  3901322     4285      55.994512
F      p3000-1.txt   10  13  3904129     3104      39.026680
F      p3000-1.txt   10  14  3900978     2496      30.043634
F      p3000-1.txt   10  15  3910319     4139      53.064656
F      p3000-1.txt   10  16  3892786     2602      34.096767
F      p3000-1.txt   10  17  3900592     2468      32.440229
F      p3000-1.txt   10  18  3893040     2324      28.851588
F      p3000-1.txt   10  19  3922948     6675      82.369182
F      p3000-1.txt   10  20  3903272     4759      66.270291
F      p3000-1.txt   10  21  3894895     1989      26.454999
F      p3000-1.txt   10  22  3894800     2308      29.742308
F      p3000-1.txt   10  23  3907194     2337      35.757344
F      p3000-1.txt   10  24  3901707     4118      47.009397
F      p3000-1.txt   10  25  3899939     4283      64.929052
F      p3000-1.txt   10  26  3893468     1863      37.430923
F      p3000-1.txt   10  27  3888614     2715      73.194057
F      p3000-1.txt   10  28  3907681     3014      78.680832
F      p3000-1.txt   10  29  3912438     2933      77.194254
F      p3000-1.txt   10  30  3904291     2814      79.223623
F      p3000-2.txt   10  1   5173931     3165      46.525189
F      p3000-2.txt   10  2   5175645     7049      94.874180
F      p3000-2.txt   10  3   5178666     2898      40.914508
F      p3000-2.txt   10  4   5170394     4243      70.929526
F      p3000-2.txt   10  5   5173546     2119      25.483020
F      p3000-2.txt   10  6   5166753     2251      26.588434
F      p3000-2.txt   10  7   5183107     7448      117.208080
F      p3000-2.txt   10  8   5185008     3387      43.888821
F      p3000-2.txt   10  9   5169146     5114      66.196753
F      p3000-2.txt   10  10  5174562     5203      66.551415
F      p3000-2.txt   10  11  5164579     3211      40.832949
F      p3000-2.txt   10  12  5165013     2030      27.468055
F      p3000-2.txt   10  13  5181399     2089      30.774145
F      p3000-2.txt   10  14  5169825     2033      27.890309
F      p3000-2.txt   10  15  5178483     6022      85.452583
F      p3000-2.txt   10  16  5180492     2193      25.320869
F      p3000-2.txt   10  17  5172408     3367      40.108941
F      p3000-2.txt   10  18  5176216     5410      71.801836
F      p3000-2.txt   10  19  5155844     2105      30.316585
F      p3000-2.txt   10  20  5158396     2024      29.047991
F      p3000-2.txt   10  21  5160297     2686      38.967972
F      p3000-2.txt   10  22  5173847     7097      94.956929
F      p3000-2.txt   10  23  5186069     4955      62.146546
F      p3000-2.txt   10  24  5173574     2252      28.926409
F      p3000-2.txt   10  25  5178894     11691     191.593254
F      p3000-2.txt   10  26  5186896     4389      87.676068
F      p3000-2.txt   10  27  5163832     2153      60.290025
F      p3000-2.txt   10  28  5168828     2295      59.390470
F      p3000-2.txt   10  29  5166617     2602      71.661704
F      p3000-2.txt   10  30  5172824     2317      59.418842
F      p4000-1.txt   10  1   6165568     3893      63.679153
F      p4000-1.txt   10  2   6160569     6806      118.414723
F      p4000-1.txt   10  3   6149592     3403      57.222300
F      p4000-1.txt   10  4   6155621     10556     196.408852
F      p4000-1.txt   10  5   6151488     4286      75.763402
F      p4000-1.txt   10  6   6165171     4275      80.977503
F      p4000-1.txt   10  7   6148073     4157      76.698021
F      p4000-1.txt   10  8   6142865     3982      75.770685
F      p4000-1.txt   10  9   6167027     5777      97.355853
F      p4000-1.txt   10  10  6142096     2616      50.220199
F      p4000-1.txt   10  11  6157370     5497      96.250911
F      p4000-1.txt   10  12  6120469     2516      45.152283
F      p4000-1.txt   10  13  6166223     5403      89.467368
F      p4000-1.txt   10  14  6141565     2621      41.398171
F      p4000-1.txt   10  15  6142102     4767      86.134174
F      p4000-1.txt   10  16  6156545     5413      98.084498
F      p4000-1.txt   10  17  6141181     3423      58.274792
F      p4000-1.txt   10  18  6145132     4311      73.230993
F      p4000-1.txt   10  19  6134395     2862      57.395873
F      p4000-1.txt   10  20  6151638     3362      60.025538
F      p4000-1.txt   10  21  6156317     3462      67.037827
F      p4000-1.txt   10  22  6166143     3148      50.957530
F      p4000-1.txt   10  23  6139257     2845      48.382727
F      p4000-1.txt   10  24  6150838     4165      82.036244
F      p4000-1.txt   10  25  6153357     4799      87.867393
F      p4000-1.txt   10  26  6166930     8722      262.492709
F      p4000-1.txt   10  27  6146878     3460      126.763450
F      p4000-1.txt   10  28  6127541     4957      203.926746
F      p4000-1.txt   10  29  6163115     4086      140.619134
F      p4000-1.txt   10  30  6166495     5350      186.731199
F      p4000-2.txt   10  1   7757031     2618      49.393347
F      p4000-2.txt   10  2   7759554     5385      115.441044
F      p4000-2.txt   10  3   7761546     5598      108.089201
F      p4000-2.txt   10  4   7757492     10539     221.644586
F      p4000-2.txt   10  5   7769559     3845      65.843815
F      p4000-2.txt   10  6   7756420     2783      53.571638
F      p4000-2.txt   10  7   7769141     4118      76.750850
F      p4000-2.txt   10  8   7745582     6691      128.646008
F      p4000-2.txt   10  9   7765017     4606      84.476086
F      p4000-2.txt   10  10  7776052     3194      59.809651
F      p4000-2.txt   10  11  7762974     5872      105.602409
F      p4000-2.txt   10  12  7791143     3958      65.227188
F      p4000-2.txt   10  13  7772980     5482      98.719224
F      p4000-2.txt   10  14  7771199     3841      66.299166
F      p4000-2.txt   10  15  7781066     3449      59.843045
F      p4000-2.txt   10  16  7776452     8468      159.626818
F      p4000-2.txt   10  17  7761168     3381      60.772781
F      p4000-2.txt   10  18  7755015     7430      144.276622
F      p4000-2.txt   10  19  7777559     5152      110.815740
F      p4000-2.txt   10  20  7771681     4925      83.700755
F      p4000-2.txt   10  21  7765641     5178      92.802188
F      p4000-2.txt   10  22  7740567     5222      99.055226
F      p4000-2.txt   10  23  7760290     4090      72.970792
F      p4000-2.txt   10  24  7746461     5752      110.310442
F      p4000-2.txt   10  25  7771010     4465      92.691645
F      p4000-2.txt   10  26  7774928     3576      99.754171
F      p4000-2.txt   10  27  7771978     3963      155.026725
F      p4000-2.txt   10  28  7769312     3715      132.557054
F      p4000-2.txt   10  29  7779840     3378      123.844042
F      p4000-2.txt   10  30  7773696     2874      102.559415
F      p5000-1.txt   10  1   8494248     4087      90.391447
F      p5000-1.txt   10  2   8507006     4782      116.292862
F      p5000-1.txt   10  3   8516770     10125     245.936133
F      p5000-1.txt   10  4   8518679     4568      103.038269
F      p5000-1.txt   10  5   8510868     5617      140.310228
F      p5000-1.txt   10  6   8526598     6799      158.594846
F      p5000-1.txt   10  7   8501003     3922      91.520885
F      p5000-1.txt   10  8   8519661     5048      123.196636
F      p5000-1.txt   10  9   8530870     5239      119.658788
F      p5000-1.txt   10  10  8512477     6202      151.012327
F      p5000-1.txt   10  11  8526304     6521      150.854991
F      p5000-1.txt   10  12  8529125     4747      99.074110
F      p5000-1.txt   10  13  8516435     8054      194.381248
F      p5000-1.txt   10  14  8520819     4806      92.213767
F      p5000-1.txt   10  15  8526290     7522      177.862220
F      p5000-1.txt   10  16  8536562     5280      118.727687
F      p5000-1.txt   10  17  8508066     4181      109.184024
F      p5000-1.txt   10  18  8518378     3230      73.797419
F      p5000-1.txt   10  19  8529372     10195     250.912014
F      p5000-1.txt   10  20  8524601     7208      181.969560
F      p5000-1.txt   10  21  8497848     4123      85.982955
F      p5000-1.txt   10  22  8526168     12352     262.130160
F      p5000-1.txt   10  23  8489745     3205      74.625065
F      p5000-1.txt   10  24  8521165     11026     248.571568
F      p5000-1.txt   10  25  8519226     4606      113.259433
F      p5000-1.txt   10  26  8528479     6754      285.640407
F      p5000-1.txt   10  27  8511726     5299      243.950243
F      p5000-1.txt   10  28  8515888     3374      155.259172
F      p5000-1.txt   10  29  8513513     6385      290.557277
F      p5000-1.txt   10  30  8515206     3776      162.959305
F      p5000-2.txt   10  1   10780549    7791      173.622752
F      p5000-2.txt   10  2   10790240    7572      179.967211
F      p5000-2.txt   10  3   10737640    6168      136.016155
F      p5000-2.txt   10  4   10776605    6369      160.654480
F      p5000-2.txt   10  5   10813555    7977      176.930558
F      p5000-2.txt   10  6   10782765    7636      163.418229
F      p5000-2.txt   10  7   10770553    4966      111.810944
F      p5000-2.txt   10  8   10763396    3304      84.283358
F      p5000-2.txt   10  9   10775333    6751      170.371670
F      p5000-2.txt   10  10  10783371    5300      125.797315
F      p5000-2.txt   10  11  10765670    3233      69.459759
F      p5000-2.txt   10  12  10773167    3801      80.488932
F      p5000-2.txt   10  13  10797223    4574      104.144501
F      p5000-2.txt   10  14  10755726    7554      201.292997
F      p5000-2.txt   10  15  10800450    4835      104.826824
F      p5000-2.txt   10  16  10776770    6627      168.390465
F      p5000-2.txt   10  17  10766106    3479      74.036733
F      p5000-2.txt   10  18  10777884    3543      77.454722
F      p5000-2.txt   10  19  10790640    3743      81.327898
F      p5000-2.txt   10  20  10757903    3605      71.198133
F      p5000-2.txt   10  21  10779719    5631      150.962070
F      p5000-2.txt   10  22  10793164    4967      114.734203
F      p5000-2.txt   10  23  10790176    8466      232.635690
F      p5000-2.txt   10  24  10811690    7810      175.946028
F      p5000-2.txt   10  25  10774825    7684      223.698177
F      p5000-2.txt   10  26  10777459    5920      235.220088
F      p5000-2.txt   10  27  10788980    3980      181.185448
F      p5000-2.txt   10  28  10787661    5478      243.920986
F      p5000-2.txt   10  29  10774449    5365      252.911424
F      p5000-2.txt   10  30  10776535    5999      276.068095
F      p6000-1.txt   10  1   11321510    6114      160.902395
F      p6000-1.txt   10  2   11308520    8264      242.697252
F      p6000-1.txt   10  3   11315503    5835      157.406764
F      p6000-1.txt   10  4   11323716    8840      265.671379
F      p6000-1.txt   10  5   11323833    10406     286.605190
F      p6000-1.txt   10  6   11346662    7259      207.032263
F      p6000-1.txt   10  7   11326852    7000      190.154428
F      p6000-1.txt   10  8   11338128    8465      229.153811
F      p6000-1.txt   10  9   11323692    6503      182.626969
F      p6000-1.txt   10  10  11304079    4091      110.213191
F      p6000-1.txt   10  11  11320429    8111      238.877738
F      p6000-1.txt   10  12  11342215    6426      163.426858
F      p6000-1.txt   10  13  11323201    6658      196.516467
F      p6000-1.txt   10  14  11315165    7841      236.706815
F      p6000-1.txt   10  15  11306491    6171      169.684217
F      p6000-1.txt   10  16  11343695    5466      142.777392
F      p6000-1.txt   10  17  11319912    8089      242.864155
F      p6000-1.txt   10  18  11335532    4688      127.089424
F      p6000-1.txt   10  19  11340867    9953      283.457240
F      p6000-1.txt   10  20  11318884    5788      159.783006
F      p6000-1.txt   10  21  11321692    5686      143.627846
F      p6000-1.txt   10  22  11308725    9945      295.472828
F      p6000-1.txt   10  23  11312471    3773      106.129377
F      p6000-1.txt   10  24  11330656    9456      267.939830
F      p6000-1.txt   10  25  11321193    4655      167.471136
F      p6000-1.txt   10  26  11323051    4639      232.750450
F      p6000-1.txt   10  27  11320945    4755      275.912589
F      p6000-1.txt   10  28  11304998    4507      247.554875
F      p6000-1.txt   10  29  11326098    5224      278.528052
F      p6000-1.txt   10  30  11335256    6667      295.157612
F      p6000-2.txt   10  1   14232338    5162      134.488662
F      p6000-2.txt   10  2   14246135    4338      117.532072
F      p6000-2.txt   10  3   14239777    5581      152.159398
F      p6000-2.txt   10  4   14272693    8491      246.971979
F      p6000-2.txt   10  5   14267978    6983      191.746921
F      p6000-2.txt   10  6   14238834    5411      151.395170
F      p6000-2.txt   10  7   14259114    10172     289.105730
F      p6000-2.txt   10  8   14265097    8296      222.717400
F      p6000-2.txt   10  9   14200964    4509      123.823363
F      p6000-2.txt   10  10  14251792    5185      149.356408
F      p6000-2.txt   10  11  14214899    6143      174.572333
F      p6000-2.txt   10  12  14251918    9176      274.074625
F      p6000-2.txt   10  13  14260564    5321      148.421919
F      p6000-2.txt   10  14  14287097    6990      193.179369
F      p6000-2.txt   10  15  14241862    6775      193.637791
F      p6000-2.txt   10  16  14259033    5613      168.663265
F      p6000-2.txt   10  17  14248971    5170      142.409192
F      p6000-2.txt   10  18  14265985    9590      292.293492
F      p6000-2.txt   10  19  14244567    4123      114.688548
F      p6000-2.txt   10  20  14267400    10307     300.042430
F      p6000-2.txt   10  21  14274778    5465      136.496308
F      p6000-2.txt   10  22  14251207    5417      142.970520
F      p6000-2.txt   10  23  14267814    4319      128.812934
F      p6000-2.txt   10  24  14241469    4380      118.346255
F      p6000-2.txt   10  25  14241681    5055      188.514888
F      p6000-2.txt   10  26  14258304    5441      290.679328
F      p6000-2.txt   10  27  14230660    4508      289.136577
F      p6000-2.txt   10  28  14233097    5292      287.490448
F      p6000-2.txt   10  29  14272038    5481      298.880789
F      p6000-2.txt   10  30  14251967    6482      274.040951
F      p7000-1.txt   10  1   14391694    5542      187.062956
F      p7000-1.txt   10  2   14379228    4800      149.129431
F      p7000-1.txt   10  3   14416804    6821      245.735383
F      p7000-1.txt   10  4   14357204    5612      196.858535
F      p7000-1.txt   10  5   14418400    6418      218.751611
F      p7000-1.txt   10  6   14412380    8434      283.715716
F      p7000-1.txt   10  7   14392760    7550      255.263541
F      p7000-1.txt   10  8   14422215    5371      183.114804
F      p7000-1.txt   10  9   14424855    6219      198.706121
F      p7000-1.txt   10  10  14408453    8048      287.172401
F      p7000-1.txt   10  11  14405951    5742      188.664849
F      p7000-1.txt   10  12  14441690    7353      267.829335
F      p7000-1.txt   10  13  14413576    6155      205.168359
F      p7000-1.txt   10  14  14421846    8896      300.033233
F      p7000-1.txt   10  15  14431423    5129      164.804839
F      p7000-1.txt   10  16  14410470    6203      214.024134
F      p7000-1.txt   10  17  14406272    7089      248.207410
F      p7000-1.txt   10  18  14385738    5515      172.987025
F      p7000-1.txt   10  19  14391186    6770      231.139229
F      p7000-1.txt   10  20  14415869    5785      184.523309
F      p7000-1.txt   10  21  14408426    6988      274.683398
F      p7000-1.txt   10  22  14392892    7216      241.508613
F      p7000-1.txt   10  23  14385956    4861      161.298433
F      p7000-1.txt   10  24  14396700    7300      259.499311
F      p7000-1.txt   10  25  14398440    5097      296.747428
F      p7000-1.txt   10  26  14387395    4664      300.058021
F      p7000-1.txt   10  27  14350904    4372      300.070711
F      p7000-1.txt   10  28  14400517    4507      300.062965
F      p7000-1.txt   10  29  14402690    4566      288.393405
F      p7000-1.txt   10  30  14390760    5004      216.672645
F      p7000-2.txt   10  1   18165835    8178      266.573667
F      p7000-2.txt   10  2   18117576    5094      180.849460
F      p7000-2.txt   10  3   18143641    7170      231.702762
F      p7000-2.txt   10  4   18159242    5966      172.818761
F      p7000-2.txt   10  5   18132541    5994      208.599724
F      p7000-2.txt   10  6   18182953    7080      235.262872
F      p7000-2.txt   10  7   18163508    5453      180.977339
F      p7000-2.txt   10  8   18187360    7033      224.640959
F      p7000-2.txt   10  9   18172572    7863      279.628330
F      p7000-2.txt   10  10  18186495    5469      170.351200
F      p7000-2.txt   10  11  18147894    7602      257.319611
F      p7000-2.txt   10  12  18123927    7894      289.997170
F      p7000-2.txt   10  13  18193791    6625      216.001633
F      p7000-2.txt   10  14  18173494    8567      299.670858
F      p7000-2.txt   10  15  18182734    6613      212.929555
F      p7000-2.txt   10  16  18127567    6044      192.147754
F      p7000-2.txt   10  17  18163490    6531      220.632689
F      p7000-2.txt   10  18  18145182    4775      164.293259
F      p7000-2.txt   10  19  18162812    8354      270.428877
F      p7000-2.txt   10  20  18143856    6181      194.647943
F      p7000-2.txt   10  21  18127890    7971      262.938692
F      p7000-2.txt   10  22  18180182    7038      237.054227
F      p7000-2.txt   10  23  18151346    4412      143.230229
F      p7000-2.txt   10  24  18150050    5434      176.691614
F      p7000-2.txt   10  25  18106015    5482      295.153967
F      p7000-2.txt   10  26  18119312    4690      295.950170
F      p7000-2.txt   10  27  18115597    4777      300.049487
F      p7000-2.txt   10  28  18139146    4667      299.732275
F      p7000-2.txt   10  29  18133854    5200      299.612558
F      p7000-2.txt   10  30  18164883    5096      213.531332