tenure instance      d   rep v           it        time    
F      p3000-1.txt   25  1   3922894     3316      40.992282
F      p3000-1.txt   50  1   3889349     1730      25.089694
F      p3000-1.txt   100 1   3900264     1935      27.129281
F      p3000-1.txt   200 1   3882496     1733      24.978140
F      p3000-1.txt   25  2   3889351     2005      31.039579
F      p3000-1.txt   50  2   3875856     1808      24.931142
F      p3000-1.txt   100 2   3888563     1991      26.002676
F      p3000-1.txt   200 2   3892880     1917      27.700044
F      p3000-1.txt   25  3   3892931     1845      23.871603
F      p3000-1.txt   50  3   3907648     1851      25.571211
F      p3000-1.txt   100 3   3898308     2189      30.664794
F      p3000-1.txt   200 3   3898347     1793      26.190986
F      p3000-1.txt   25  4   3909193     2339      34.308552
F      p3000-1.txt   50  4   3900411     2292      29.983771
F      p3000-1.txt   100 4   3898574     1855      27.637274
F      p3000-1.txt   200 4   3878606     1945      24.015719
F      p3000-1.txt   25  5   3899120     1959      26.139579
F      p3000-1.txt   50  5   3906791     2478      29.547663
F      p3000-1.txt   100 5   3895277     2035      25.339721
F      p3000-1.txt   200 5   3888326     1929      23.869287
F      p3000-1.txt   25  6   3912872     1962      23.130476
F      p3000-1.txt   50  6   3891599     2321      27.816894
F      p3000-1.txt   100 6   3898882     2127      31.561139
F      p3000-1.txt   200 6   3883829     1846      21.234271
F      p3000-1.txt   25  7   3883754     2358      29.979298
F      p3000-1.txt   50  7   3905729     2632      33.635616
F      p3000-1.txt   100 7   3893746     2407      31.735655
F      p3000-1.txt   200 7   3904802     2111      30.621469
F      p3000-1.txt   25  8   3893843     2228      30.600843
F      p3000-1.txt   50  8   3903858     2260      29.425999
F      p3000-1.txt   100 8   3904116     2310      28.732842
F      p3000-1.txt   200 8   3894613     1944      28.334727
F      p3000-1.txt   25  9   3910803     2558      31.931829
F      p3000-1.txt   50  9   3906784     1941      27.258098
F      p3000-1.txt   100 9   3901203     2448      33.195981
F      p3000-1.txt   200 9   3908420     1897      23.698170
F      p3000-1.txt   25  10  3909182     3005      41.749835
F      p3000-1.txt   50  10  3899096     2176      27.314947
F      p3000-1.txt   100 10  3904125     2245      29.131644
F      p3000-1.txt   200 10  3895712     1780      23.124561
R      p3000-1.txt   25  1   3887741     2054      28.850780
R      p3000-1.txt   50  1   3907355     2226      31.130384
R      p3000-1.txt   100 1   3905698     2239      29.478732
R      p3000-1.txt   200 1   3902085     2040      26.578161
R      p3000-1.txt   25  2   3908820     2251      30.001371
R      p3000-1.txt   50  2   3901744     2279      29.859764
R      p3000-1.txt   100 2   3911491     2504      29.809816
R      p3000-1.txt   200 2   3907937     1974      24.577329
R      p3000-1.txt   25  3   3902468     2365      33.113394
R      p3000-1.txt   50  3   3890540     2087      30.365810
R      p3000-1.txt   100 3   3896655     1993      27.459111
R      p3000-1.txt   200 3   3897200     1940      26.918459
R      p3000-1.txt   25  4   3894994     2322      33.222921
R      p3000-1.txt   50  4   3900044     2412      33.152467
R      p3000-1.txt   100 4   3875084     2068      26.410494
R      p3000-1.txt   200 4   3893189     1982      23.525705
R      p3000-1.txt   25  5   3907190     2434      34.452598
R      p3000-1.txt   50  5   3905026     2358      33.144756
R      p3000-1.txt   100 5   3895967     2048      25.753729
R      p3000-1.txt   200 5   3884853     1745      25.730468
R      p3000-1.txt   25  6   3901493     2817      37.421628
R      p3000-1.txt   50  6   3887706     2021      30.429559
R      p3000-1.txt   100 6   3894060     2136      26.679765
R      p3000-1.txt   200 6   3897256     1887      29.388740
R      p3000-1.txt   25  7   3882676     1801      22.396329
R      p3000-1.txt   50  7   3901697     2294      27.766640
R      p3000-1.txt   100 7   3904438     2141      25.834574
R      p3000-1.txt   200 7   3888945     1685      24.108616
R      p3000-1.txt   25  8   3876421     2026      24.233333
R      p3000-1.txt   50  8   3910189     3172      39.939285
R      p3000-1.txt   100 8   3889595     1732      19.408327
R      p3000-1.txt   200 8   3878399     1716      18.352477
R      p3000-1.txt   25  9   3895720     2529      29.978222
R      p3000-1.txt   50  9   3898426     2317      31.582902
R      p3000-1.txt   100 9   3887191     1900      23.248595
R      p3000-1.txt   200 9   3881755     1873      20.994267
R      p3000-1.txt   25  10  3913603     2679      30.964468
R      p3000-1.txt   50  10  3911127     2309      31.763956
R      p3000-1.txt   100 10  3886296     1820      25.285168
R      p3000-1.txt   200 10  3882241     1680      17.497962
F      p3000-2.txt   25  1   5178280     2293      33.415218 
F      p3000-2.txt   50  1   5180049     1937      31.811004 
F      p3000-2.txt   100 1   5164180     2093      26.754688 
F      p3000-2.txt   200 1   5166181     2063      30.226659 
F      p3000-2.txt   25  2   5182484     2287      33.628980 
F      p3000-2.txt   50  2   5176988     2690      39.073118 
F      p3000-2.txt   100 2   5149577     1956      30.376165 
F      p3000-2.txt   200 2   5153418     1914      28.763867 
F      p3000-2.txt   25  3   5161053     2860      40.230276 
F      p3000-2.txt   50  3   5149108     1771      25.505085 
F      p3000-2.txt   100 3   5144502     1808      27.578538 
F      p3000-2.txt   200 3   5170038     1884      26.029191 
F      p3000-2.txt   25  4   5160156     2011      29.752525 
F      p3000-2.txt   50  4   5173552     3145      44.500680 
F      p3000-2.txt   100 4   5172698     2370      32.834495 
F      p3000-2.txt   200 4   5145463     1849      24.749898 
F      p3000-2.txt   25  5   5176436     2551      37.920024 
F      p3000-2.txt   50  5   5160577     2149      28.196040 
F      p3000-2.txt   100 5   5167717     1947      23.501614 
F      p3000-2.txt   200 5   5153104     1893      27.219783 
F      p3000-2.txt   25  6   5148508     2210      29.632197 
F      p3000-2.txt   50  6   5169773     2167      32.052582 
F      p3000-2.txt   100 6   5149179     2061      25.536160 
F      p3000-2.txt   200 6   5150355     1876      24.337557 
F      p3000-2.txt   25  7   5148043     1828      27.536563 
F      p3000-2.txt   50  7   5168727     2070      30.939530 
F      p3000-2.txt   100 7   5150064     1794      21.538226 
F      p3000-2.txt   200 7   5163289     2010      28.804193 
F      p3000-2.txt   25  8   5177080     2810      36.666243 
F      p3000-2.txt   50  8   5152531     1946      26.173290 
F      p3000-2.txt   100 8   5164107     1984      29.744601 
F      p3000-2.txt   200 8   5160868     1926      24.283592 
F      p3000-2.txt   25  9   5156365     2021      23.955082 
F      p3000-2.txt   50  9   5163569     2183      30.362237 
F      p3000-2.txt   100 9   5165440     1919      21.973186 
F      p3000-2.txt   200 9   5176776     2143      28.576278 
F      p3000-2.txt   25  10  5175152     3213      47.419559 
F      p3000-2.txt   50  10  5160770     1976      28.305714 
F      p3000-2.txt   100 10  5159895     1885      27.552791 
F      p3000-2.txt   200 10  5164359     1873      23.732137 
R      p3000-2.txt   25  1   5172540     2779      34.587563
R      p3000-2.txt   50  1   5177572     2242      31.051430
R      p3000-2.txt   100 1   5173023     2328      31.360762
R      p3000-2.txt   200 1   5168922     2103      28.416190
R      p3000-2.txt   25  2   5169937     2919      40.476279
R      p3000-2.txt   50  2   5166724     1957      25.655644
R      p3000-2.txt   100 2   5161828     1932      27.026072
R      p3000-2.txt   200 2   5157465     2270      25.646984
R      p3000-2.txt   25  3   5167579     2548      34.057841
R      p3000-2.txt   50  3   5134805     1691      27.000896
R      p3000-2.txt   100 3   5139624     1992      27.945511
R      p3000-2.txt   200 3   5169511     1846      26.028751
R      p3000-2.txt   25  4   5165802     2759      37.776956
R      p3000-2.txt   50  4   5163386     1912      24.865714
R      p3000-2.txt   100 4   5172218     1950      24.513058
R      p3000-2.txt   200 4   5152454     1918      26.641103
R      p3000-2.txt   25  5   5176478     2026      29.027095
R      p3000-2.txt   50  5   5177384     2348      29.787760
R      p3000-2.txt   100 5   5160688     1889      25.316087
R      p3000-2.txt   200 5   5154978     2069      29.169229
R      p3000-2.txt   25  6   5162907     2158      26.394647
R      p3000-2.txt   50  6   5172283     2147      28.952898
R      p3000-2.txt   100 6   5177519     2178      28.901233
R      p3000-2.txt   200 6   5168348     1971      28.278417
R      p3000-2.txt   25  7   5164887     2207      32.926713
R      p3000-2.txt   50  7   5167155     2189      26.982047
R      p3000-2.txt   100 7   5126534     1639      20.452352
R      p3000-2.txt   200 7   5164466     1963      28.795057
R      p3000-2.txt   25  8   5181306     2457      28.542871
R      p3000-2.txt   50  8   5171590     2589      32.621386
R      p3000-2.txt   100 8   5155491     2026      22.204522
R      p3000-2.txt   200 8   5149466     1778      22.485643
R      p3000-2.txt   25  9   5168472     3301      40.866251
R      p3000-2.txt   50  9   5177097     1826      23.927167
R      p3000-2.txt   100 9   5156473     1951      27.057663
R      p3000-2.txt   200 9   5177599     2397      31.881069
R      p3000-2.txt   25  10  5139658     1804      25.007215
R      p3000-2.txt   50  10  5163364     2424      28.588076
R      p3000-2.txt   100 10  5138935     1704      21.548820
R      p3000-2.txt   200 10  5137160     1793      22.091612
F      p4000-1.txt   25  1   6152051     3168      56.686511 
F      p4000-1.txt   50  1   6150845     2731      54.674913 
F      p4000-1.txt   100 1   6176355     3289      58.827023 
F      p4000-1.txt   200 1   6151430     2756      54.494796 
F      p4000-1.txt   25  2   6143155     2618      49.528679 
F      p4000-1.txt   50  2   6132297     3163      59.880931 
F      p4000-1.txt   100 2   6134165     3252      64.672364 
F      p4000-1.txt   200 2   6138615     2671      51.836420 
F      p4000-1.txt   25  3   6165551     4117      75.273109 
F      p4000-1.txt   50  3   6142206     3160      64.658053 
F      p4000-1.txt   100 3   6153075     2608      51.442866 
F      p4000-1.txt   200 3   6153862     3123      57.479733 
F      p4000-1.txt   25  4   6155652     2898      56.117249 
F      p4000-1.txt   50  4   6145788     3262      59.807780 
F      p4000-1.txt   100 4   6130484     3025      59.406512 
F      p4000-1.txt   200 4   6125183     2497      44.532901 
F      p4000-1.txt   25  5   6153573     3151      63.905627 
F      p4000-1.txt   50  5   6145838     3141      52.927089 
F      p4000-1.txt   100 5   6136685     2890      51.293666 
F      p4000-1.txt   200 5   6135167     2706      45.361435 
F      p4000-1.txt   25  6   6136306     3269      57.567823 
F      p4000-1.txt   50  6   6137093     2498      49.320865 
F      p4000-1.txt   100 6   6136266     2669      44.817268 
F      p4000-1.txt   200 6   6148886     2813      49.956279 
F      p4000-1.txt   25  7   6166200     4954      83.653227 
F      p4000-1.txt   50  7   6134164     3347      58.288776 
F      p4000-1.txt   100 7   6139942     2839      50.717951 
F      p4000-1.txt   200 7   6123858     2460      44.716622 
F      p4000-1.txt   25  8   6135693     2917      49.521414 
F      p4000-1.txt   50  8   6149790     3633      66.627193 
F      p4000-1.txt   100 8   6146953     2339      37.939528 
F      p4000-1.txt   200 8   6102161     2456      44.620382 
F      p4000-1.txt   25  9   6162476     4065      67.422807 
F      p4000-1.txt   50  9   6148906     3171      49.378762 
F      p4000-1.txt   100 9   6130905     2592      48.783885 
F      p4000-1.txt   200 9   6143925     2670      48.471600 
F      p4000-1.txt   25  10  6161486     3557      65.411498 
F      p4000-1.txt   50  10  6133794     2807      49.547671 
F      p4000-1.txt   100 10  6124713     2580      45.125927 
F      p4000-1.txt   200 10  6134075     2220      40.042494 
R      p4000-1.txt   25  1   6131772     2492      47.530303
R      p4000-1.txt   50  1   6124514     3049      53.847175
R      p4000-1.txt   100 1   6134055     2492      44.462104
R      p4000-1.txt   200 1   6139256     2518      45.082362
R      p4000-1.txt   25  2   6136255     3134      52.633851
R      p4000-1.txt   50  2   6120291     2627      46.650555
R      p4000-1.txt   100 2   6131739     2523      45.908686
R      p4000-1.txt   200 2   6132278     2551      42.898448
R      p4000-1.txt   25  3   6159804     3559      61.248660
R      p4000-1.txt   50  3   6147955     2819      52.782711
R      p4000-1.txt   100 3   6149631     2797      50.495630
R      p4000-1.txt   200 3   6134030     2603      45.448308
R      p4000-1.txt   25  4   6152026     3777      65.908959
R      p4000-1.txt   50  4   6154527     3894      66.846371
R      p4000-1.txt   100 4   6154958     3242      60.549366
R      p4000-1.txt   200 4   6118544     2481      42.732208
R      p4000-1.txt   25  5   6151554     3188      56.116077
R      p4000-1.txt   50  5   6144049     2656      48.083022
R      p4000-1.txt   100 5   6103046     2394      41.383994
R      p4000-1.txt   200 5   6147008     2803      49.938497
R      p4000-1.txt   25  6   6117738     3044      51.898861
R      p4000-1.txt   50  6   6138777     2700      44.955028
R      p4000-1.txt   100 6   6143303     2900      53.529245
R      p4000-1.txt   200 6   6109512     2511      44.667627
R      p4000-1.txt   25  7   6144749     4956      85.102378
R      p4000-1.txt   50  7   6130358     2629      41.499205
R      p4000-1.txt   100 7   6140922     3013      47.808228
R      p4000-1.txt   200 7   6118550     2386      39.912773
R      p4000-1.txt   25  8   6146141     4394      71.528161
R      p4000-1.txt   50  8   6145847     3250      48.529315
R      p4000-1.txt   100 8   6153802     3093      55.301201
R      p4000-1.txt   200 8   6138897     2706      43.581134
R      p4000-1.txt   25  9   6157970     4350      72.610848
R      p4000-1.txt   50  9   6148762     3304      51.121364
R      p4000-1.txt   100 9   6151661     3311      65.045976
R      p4000-1.txt   200 9   6145101     2696      41.626984
R      p4000-1.txt   25  10  6146570     3101      49.243438
R      p4000-1.txt   50  10  6141554     2688      45.595822
R      p4000-1.txt   100 10  6119887     2722      41.148228
R      p4000-1.txt   200 10  6145236     2658      39.660582
F      p4000-2.txt   25  1   7741466     2883      50.550203 
F      p4000-2.txt   50  1   7757202     3052      54.710933 
F      p4000-2.txt   100 1   7744254     2506      48.536428 
F      p4000-2.txt   200 1   7750838     2618      49.362562 
F      p4000-2.txt   25  2   7783824     6682      127.258908
F      p4000-2.txt   50  2   7737898     2445      50.096587 
F      p4000-2.txt   100 2   7768129     2801      52.449997 
F      p4000-2.txt   200 2   7734251     2437      47.461943 
F      p4000-2.txt   25  3   7751056     3588      68.721856 
F      p4000-2.txt   50  3   7751151     2670      52.995026 
F      p4000-2.txt   100 3   7745377     2633      53.909343 
F      p4000-2.txt   200 3   7741356     2541      46.962610 
F      p4000-2.txt   25  4   7730131     2674      50.802207 
F      p4000-2.txt   50  4   7758440     2919      58.608492 
F      p4000-2.txt   100 4   7770311     3025      57.296620 
F      p4000-2.txt   200 4   7747055     2687      49.778144 
F      p4000-2.txt   25  5   7766143     3230      62.395440 
F      p4000-2.txt   50  5   7748760     2618      49.660442 
F      p4000-2.txt   100 5   7748222     2625      49.448417 
F      p4000-2.txt   200 5   7739657     2498      42.248868 
F      p4000-2.txt   25  6   7744498     3316      55.927764 
F      p4000-2.txt   50  6   7748338     2753      49.665636 
F      p4000-2.txt   100 6   7751369     2639      49.741990 
F      p4000-2.txt   200 6   7755997     2534      46.284298 
F      p4000-2.txt   25  7   7768461     3077      51.279065 
F      p4000-2.txt   50  7   7757223     2856      55.203618 
F      p4000-2.txt   100 7   7725794     2492      46.337102 
F      p4000-2.txt   200 7   7748376     2681      51.574466 
F      p4000-2.txt   25  8   7777134     2734      49.991859 
F      p4000-2.txt   50  8   7762902     3700      64.591891 
F      p4000-2.txt   100 8   7755274     2597      45.910521 
F      p4000-2.txt   200 8   7770268     2862      55.813999 
F      p4000-2.txt   25  9   7764278     2957      48.389647 
F      p4000-2.txt   50  9   7765266     2747      49.391384 
F      p4000-2.txt   100 9   7768329     2779      52.514986 
F      p4000-2.txt   200 9   7744852     2657      47.155001 
F      p4000-2.txt   25  10  7768280     2913      52.589247 
F      p4000-2.txt   50  10  7752280     2662      49.599436 
F      p4000-2.txt   100 10  7747728     3120      60.482173 
F      p4000-2.txt   200 10  7749451     2693      48.950733 
R      p4000-2.txt   25  1   7741657     3287      63.922532
R      p4000-2.txt   50  1   7743179     2699      54.126298
R      p4000-2.txt   100 1   7763797     2729      47.681464
R      p4000-2.txt   200 1   7750543     2509      42.603273
R      p4000-2.txt   25  2   7758929     3836      74.060252
R      p4000-2.txt   50  2   7742003     2767      48.462718
R      p4000-2.txt   100 2   7744763     2714      48.666715
R      p4000-2.txt   200 2   7752931     2796      47.554599
R      p4000-2.txt   25  3   7744549     2997      52.700608
R      p4000-2.txt   50  3   7725804     2592      48.221192
R      p4000-2.txt   100 3   7750706     3095      56.302646
R      p4000-2.txt   200 3   7748291     2489      46.028528
R      p4000-2.txt   25  4   7767079     3256      64.137620
R      p4000-2.txt   50  4   7755151     2848      53.839213
R      p4000-2.txt   100 4   7759561     2773      51.756581
R      p4000-2.txt   200 4   7745300     2550      47.938457
R      p4000-2.txt   25  5   7733941     3138      59.982343
R      p4000-2.txt   50  5   7767133     3277      56.312098
R      p4000-2.txt   100 5   7745959     2722      49.809573
R      p4000-2.txt   200 5   7750428     3054      49.496122
R      p4000-2.txt   25  6   7761160     2939      51.843622
R      p4000-2.txt   50  6   7755581     2841      48.859301
R      p4000-2.txt   100 6   7764431     2889      50.355648
R      p4000-2.txt   200 6   7761424     2897      46.523485
R      p4000-2.txt   25  7   7735473     2716      48.382696
R      p4000-2.txt   50  7   7757823     2753      46.000573
R      p4000-2.txt   100 7   7771235     2814      54.528252
R      p4000-2.txt   200 7   7725196     2535      38.307477
R      p4000-2.txt   25  8   7772474     3564      64.486241
R      p4000-2.txt   50  8   7773698     2960      52.568525
R      p4000-2.txt   100 8   7745263     2674      44.699726
R      p4000-2.txt   200 8   7765573     2592      39.884594
R      p4000-2.txt   25  9   7764410     3195      52.020991
R      p4000-2.txt   50  9   7746032     2649      43.204208
R      p4000-2.txt   100 9   7754657     2642      41.009720
R      p4000-2.txt   200 9   7730544     2358      40.816801
R      p4000-2.txt   25  10  7767479     3383      56.792571
R      p4000-2.txt   50  10  7759149     2980      46.743095
R      p4000-2.txt   100 10  7769480     2969      45.376463
R      p4000-2.txt   200 10  7757785     2645      44.886827
F      p5000-1.txt   25  1   8526914     4105      99.571854 
F      p5000-1.txt   50  1   8467066     2998      72.592096 
F      p5000-1.txt   100 1   8524688     3638      84.396673 
F      p5000-1.txt   200 1   8490688     3105      70.791506 
F      p5000-1.txt   25  2   8520994     3491      82.147826 
F      p5000-1.txt   50  2   8505005     3995      96.050017 
F      p5000-1.txt   100 2   8517715     3298      78.276843 
F      p5000-1.txt   200 2   8497478     3086      77.878215 
F      p5000-1.txt   25  3   8497642     3912      95.365459 
F      p5000-1.txt   50  3   8523259     4458      110.767803
F      p5000-1.txt   100 3   8478855     3774      89.879990 
F      p5000-1.txt   200 3   8503546     3707      89.000831 
F      p5000-1.txt   25  4   8490528     4087      104.030641
F      p5000-1.txt   50  4   8512960     3198      81.296548 
F      p5000-1.txt   100 4   8481560     3053      68.512929 
F      p5000-1.txt   200 4   8495674     3008      71.974732 
F      p5000-1.txt   25  5   8501325     3632      85.029962 
F      p5000-1.txt   50  5   8503385     3405      68.128338 
F      p5000-1.txt   100 5   8502297     3640      79.252268 
F      p5000-1.txt   200 5   8503599     3236      73.629196 
F      p5000-1.txt   25  6   8504451     3244      71.169291 
F      p5000-1.txt   50  6   8516995     3470      76.588183 
F      p5000-1.txt   100 6   8510575     3314      73.730523 
F      p5000-1.txt   200 6   8500246     3363      75.577175 
F      p5000-1.txt   25  7   8513967     5350      122.099339
F      p5000-1.txt   50  7   8512507     4680      103.461849
F      p5000-1.txt   100 7   8526054     4071      97.517934 
F      p5000-1.txt   200 7   8496058     3229      71.871585 
F      p5000-1.txt   25  8   8505364     5527      126.038242
F      p5000-1.txt   50  8   8475505     3965      91.521185 
F      p5000-1.txt   100 8   8493306     3182      73.171580 
F      p5000-1.txt   200 8   8504706     3502      78.507379 
F      p5000-1.txt   25  9   8517219     4295      93.772139 
F      p5000-1.txt   50  9   8516964     4404      105.873824
F      p5000-1.txt   100 9   8492702     3347      74.474368 
F      p5000-1.txt   200 9   8532946     3784      89.439221 
F      p5000-1.txt   25  10  8507980     4383      105.131848
F      p5000-1.txt   50  10  8515286     4229      98.586273 
F      p5000-1.txt   100 10  8521146     3501      84.847776 
F      p5000-1.txt   200 10  8501126     3509      80.220204 
R      p5000-1.txt   25  1   8487922     3560      80.536726
R      p5000-1.txt   50  1   8487449     3681      75.740856
R      p5000-1.txt   100 1   8512975     3274      77.689878
R      p5000-1.txt   200 1   8499878     3353      74.132700
R      p5000-1.txt   25  2   8516502     4185      88.244163
R      p5000-1.txt   50  2   8518223     4119      88.899519
R      p5000-1.txt   100 2   8500856     3344      71.002600
R      p5000-1.txt   200 2   8523166     3339      78.703179
R      p5000-1.txt   25  3   8519540     3912      89.968717
R      p5000-1.txt   50  3   8495604     3291      75.059599
R      p5000-1.txt   100 3   8522729     3853      81.782335
R      p5000-1.txt   200 3   8527705     3588      80.362649
R      p5000-1.txt   25  4   8530166     4080      89.967343
R      p5000-1.txt   50  4   8486540     3242      71.449804
R      p5000-1.txt   100 4   8518246     3962      83.350529
R      p5000-1.txt   200 4   8491884     3629      82.246870
R      p5000-1.txt   25  5   8517440     4751      100.579271
R      p5000-1.txt   50  5   8529376     3442      75.062879
R      p5000-1.txt   100 5   8521350     4041      85.065940
R      p5000-1.txt   200 5   8504727     3180      69.966051
R      p5000-1.txt   25  6   8503024     3593      88.649773
R      p5000-1.txt   50  6   8512233     4147      95.301412
R      p5000-1.txt   100 6   8485075     3362      77.905384
R      p5000-1.txt   200 6   8509242     3413      68.314942
R      p5000-1.txt   25  7   8500797     5923      130.499635
R      p5000-1.txt   50  7   8488970     4047      80.707877
R      p5000-1.txt   100 7   8465324     3756      73.388114
R      p5000-1.txt   200 7   8481732     3069      63.108744
R      p5000-1.txt   25  8   8540670     6050      127.853619
R      p5000-1.txt   50  8   8522699     3733      72.059530
R      p5000-1.txt   100 8   8509596     3587      79.189377
R      p5000-1.txt   200 8   8477248     3586      83.351824
R      p5000-1.txt   25  9   8526535     5156      106.022957
R      p5000-1.txt   50  9   8516386     3852      83.412164
R      p5000-1.txt   100 9   8494305     3449      69.981947
R      p5000-1.txt   200 9   8509753     3389      79.630539
R      p5000-1.txt   25  10  8497394     3723      81.361857
R      p5000-1.txt   50  10  8522857     4725      87.748434
R      p5000-1.txt   100 10  8476392     3386      63.048091
R      p5000-1.txt   200 10  8497784     3163      45.186837
F      p5000-2.txt   25  1   10788405    4452      97.051153 
F      p5000-2.txt   50  1   10801313    4037      99.737546 
F      p5000-2.txt   100 1   10758790    3341      75.369441 
F      p5000-2.txt   200 1   10763485    3392      79.360569 
F      p5000-2.txt   25  2   10798523    3833      87.062334 
F      p5000-2.txt   50  2   10776855    4114      101.345793
F      p5000-2.txt   100 2   10746371    3229      74.686513 
F      p5000-2.txt   200 2   10750176    3072      74.043306 
F      p5000-2.txt   25  3   10745335    3656      93.762558 
F      p5000-2.txt   50  3   10750472    3538      89.828006 
F      p5000-2.txt   100 3   10785027    3643      86.374265 
F      p5000-2.txt   200 3   10774347    3110      77.336710 
F      p5000-2.txt   25  4   10782455    3824      96.164720 
F      p5000-2.txt   50  4   10795450    3934      95.597289 
F      p5000-2.txt   100 4   10729820    3034      71.371197 
F      p5000-2.txt   200 4   10747302    3176      71.166964 
F      p5000-2.txt   25  5   10784353    3876      87.984489 
F      p5000-2.txt   50  5   10776438    3748      84.334192 
F      p5000-2.txt   100 5   10777883    3637      82.498817 
F      p5000-2.txt   200 5   10778315    3460      74.610694 
F      p5000-2.txt   25  6   10791543    3757      81.349003 
F      p5000-2.txt   50  6   10755274    3494      77.540339 
F      p5000-2.txt   100 6   10752607    3296      76.068448 
F      p5000-2.txt   200 6   10765835    3498      82.281309 
F      p5000-2.txt   25  7   10776746    3623      84.965348 
F      p5000-2.txt   50  7   10770123    3526      74.303615 
F      p5000-2.txt   100 7   10779342    3360      78.471120 
F      p5000-2.txt   200 7   10767302    3435      79.458945 
F      p5000-2.txt   25  8   10756820    3810      89.862247 
F      p5000-2.txt   50  8   10770615    3552      84.596232 
F      p5000-2.txt   100 8   10778754    3611      80.820876 
F      p5000-2.txt   200 8   10745594    3144      73.630486 
F      p5000-2.txt   25  9   10772965    3208      73.730734 
F      p5000-2.txt   50  9   10792125    3832      92.944406 
F      p5000-2.txt   100 9   10772087    3775      88.411707 
F      p5000-2.txt   200 9   10745780    3133      74.770699 
F      p5000-2.txt   25  10  10769607    4127      99.257448 
F      p5000-2.txt   50  10  10793153    3881      90.629217 
F      p5000-2.txt   100 10  10776758    3639      87.609632 
F      p5000-2.txt   200 10  10741028    3228      77.677588 
R      p5000-2.txt   25  1   10797344    4474      109.959391
R      p5000-2.txt   50  1   10782463    4314      89.783990
R      p5000-2.txt   100 1   10730371    3699      82.598471
R      p5000-2.txt   200 1   10757316    3407      71.183423
R      p5000-2.txt   25  2   10758278    4609      104.216917
R      p5000-2.txt   50  2   10726672    3061      66.984876
R      p5000-2.txt   100 2   10746436    3277      75.116758
R      p5000-2.txt   200 2   10770927    3418      73.689097
R      p5000-2.txt   25  3   10797268    4846      107.336662
R      p5000-2.txt   50  3   10788378    3562      87.326368
R      p5000-2.txt   100 3   10786667    3678      82.609965
R      p5000-2.txt   200 3   10776286    3535      82.692797
R      p5000-2.txt   25  4   10771687    3607      79.668326
R      p5000-2.txt   50  4   10769425    3791      84.979097
R      p5000-2.txt   100 4   10746665    3181      77.567710
R      p5000-2.txt   200 4   10760410    3330      75.113677
R      p5000-2.txt   25  5   10774882    4809      108.627122
R      p5000-2.txt   50  5   10782329    3851      86.638575
R      p5000-2.txt   100 5   10735452    3426      79.540801
R      p5000-2.txt   200 5   10743256    3366      72.413877
R      p5000-2.txt   25  6   10782191    3670      81.222484
R      p5000-2.txt   50  6   10789012    3568      75.491521
R      p5000-2.txt   100 6   10740331    3181      72.740092
R      p5000-2.txt   200 6   10740312    3158      65.763097
R      p5000-2.txt   25  7   10805953    4691      98.251190
R      p5000-2.txt   50  7   10774283    3422      66.467061
R      p5000-2.txt   100 7   10773672    3733      70.954099
R      p5000-2.txt   200 7   10808390    4178      92.108904
R      p5000-2.txt   25  8   10788987    3822      89.532235
R      p5000-2.txt   50  8   10749060    3708      75.739477
R      p5000-2.txt   100 8   10784266    3287      67.902426
R      p5000-2.txt   200 8   10718641    2945      66.857709
R      p5000-2.txt   25  9   10754477    3369      76.726792
R      p5000-2.txt   50  9   10745995    4726      95.699352
R      p5000-2.txt   100 9   10761971    3595      72.513099
R      p5000-2.txt   200 9   10787381    3439      73.149011
R      p5000-2.txt   25  10  10792354    4951      104.890695
R      p5000-2.txt   50  10  10760187    5381      102.047924
R      p5000-2.txt   100 10  10766727    4497      80.266450
R      p5000-2.txt   200 10  10741135    3029      46.064776
F      p6000-1.txt   25  1   11333203    7531      220.918827 
F      p6000-1.txt   50  1   11323482    4725      134.019884 
F      p6000-1.txt   100 1   11293473    3925      113.346588 
F      p6000-1.txt   200 1   11295224    4076      115.883477 
F      p6000-1.txt   25  2   11311282    4477      138.487046 
F      p6000-1.txt   50  2   11319167    4629      134.666444 
F      p6000-1.txt   100 2   11317245    4927      145.796342 
F      p6000-1.txt   200 2   11269601    3692      108.030394 
F      p6000-1.txt   25  3   11297670    5560      162.260126 
F      p6000-1.txt   50  3   11307262    5792      165.050362 
F      p6000-1.txt   100 3   11327010    4441      130.346458 
F      p6000-1.txt   200 3   11312529    3835      113.874677 
F      p6000-1.txt   25  4   11310666    4629      135.981739 
F      p6000-1.txt   50  4   11310648    4560      133.274343 
F      p6000-1.txt   100 4   11303379    3759      108.268857 
F      p6000-1.txt   200 4   11298194    3561      104.354026 
F      p6000-1.txt   25  5   11338329    9311      234.694040 
F      p6000-1.txt   50  5   11293051    3822      105.785863 
F      p6000-1.txt   100 5   11282598    4265      114.478605 
F      p6000-1.txt   200 5   11320551    4208      119.265418 
F      p6000-1.txt   25  6   11306485    4071      105.520207 
F      p6000-1.txt   50  6   11303002    4277      122.977453 
F      p6000-1.txt   100 6   11328920    4546      120.403124 
F      p6000-1.txt   200 6   11309346    3837      91.700748 
F      p6000-1.txt   25  7   11337418    6199      181.330585 
F      p6000-1.txt   50  7   11304905    4061      117.883944 
F      p6000-1.txt   100 7   11287567    4363      118.549111 
F      p6000-1.txt   200 7   11294620    4350      123.409581 
F      p6000-1.txt   25  8   11327698    4668      131.526491 
F      p6000-1.txt   50  8   11314972    4381      118.739549 
F      p6000-1.txt   100 8   11314815    4056      110.893257 
F      p6000-1.txt   200 8   11295446    3676      99.851379 
F      p6000-1.txt   25  9   11340211    6738      179.891412 
F      p6000-1.txt   50  9   11304418    4408      132.474221 
F      p6000-1.txt   100 9   11343966    4760      130.068018 
F      p6000-1.txt   200 9   11301459    3607      107.396287 
F      p6000-1.txt   25  10  11347366    7164      195.108316 
F      p6000-1.txt   50  10  11293708    4034      105.758182 
F      p6000-1.txt   100 10  11317696    5664      153.599850 
F      p6000-1.txt   200 10  11293067    3773      105.939033 
R      p6000-1.txt   25  1   11317789    5161      144.115648
R      p6000-1.txt   50  1   11313633    5037      134.312173
R      p6000-1.txt   100 1   11319983    5440      141.895099
R      p6000-1.txt   200 1   11309939    4289      123.506077
R      p6000-1.txt   25  2   11297632    5211      140.235427
R      p6000-1.txt   50  2   11292543    4266      115.680155
R      p6000-1.txt   100 2   11301564    4134      112.473324
R      p6000-1.txt   200 2   11316111    5107      130.068105
R      p6000-1.txt   25  3   11325353    4608      127.858907
R      p6000-1.txt   50  3   11297792    5564      154.862196
R      p6000-1.txt   100 3   11306185    4720      126.483404
R      p6000-1.txt   200 3   11311374    4566      128.712463
R      p6000-1.txt   25  4   11330842    5678      161.904357
R      p6000-1.txt   50  4   11300052    4676      134.744239
R      p6000-1.txt   100 4   11286660    4617      121.409899
R      p6000-1.txt   200 4   11308155    3860      105.506276
R      p6000-1.txt   25  5   11272830    4122      113.545399
R      p6000-1.txt   50  5   11332739    5330      142.834062
R      p6000-1.txt   100 5   11313432    4596      118.141110
R      p6000-1.txt   200 5   11319069    3970      106.374422
R      p6000-1.txt   25  6   11332670    5963      158.558410
R      p6000-1.txt   50  6   11301490    4895      134.491303
R      p6000-1.txt   100 6   11320755    4852      119.647208
R      p6000-1.txt   200 6   11309560    4254      113.139069
R      p6000-1.txt   25  7   11319311    4897      118.463848
R      p6000-1.txt   50  7   11287161    4416      113.715595
R      p6000-1.txt   100 7   11293830    4071      98.866563
R      p6000-1.txt   200 7   11283814    4026      99.753940
R      p6000-1.txt   25  8   11330408    4247      102.159517
R      p6000-1.txt   50  8   11319715    5182      131.420924
R      p6000-1.txt   100 8   11302043    5255      128.461417
R      p6000-1.txt   200 8   11315816    3998      106.442591
R      p6000-1.txt   25  9   11314788    4468      121.330011
R      p6000-1.txt   50  9   11274218    4026      105.746441
R      p6000-1.txt   100 9   11321602    4988      127.362931
R      p6000-1.txt   200 9   11323156    4392      109.579827
R      p6000-1.txt   25  10  11340298    4884      119.601405
R      p6000-1.txt   50  10  11282226    3795      91.153960
R      p6000-1.txt   100 10  11305994    5189      106.944020
R      p6000-1.txt   200 10  11314493    3881      61.695155
F      p6000-2.txt   25  1   14229937    5308      159.147356
F      p6000-2.txt   50  1   14254479    5637      155.795833
F      p6000-2.txt   100 1   14261492    3888      115.612499
F      p6000-2.txt   200 1   14239923    3732      107.620352
F      p6000-2.txt   25  2   14254742    4935      140.671825
F      p6000-2.txt   50  2   14250788    4977      146.819497
F      p6000-2.txt   100 2   14189514    3980      120.576602
F      p6000-2.txt   200 2   14180694    3677      113.661690
F      p6000-2.txt   25  3   14282872    4731      144.558363
F      p6000-2.txt   50  3   14263442    4673      130.610263
F      p6000-2.txt   100 3   14251768    4014      117.439973
F      p6000-2.txt   200 3   14224348    4149      122.675100
F      p6000-2.txt   25  4   14227445    4767      148.609689
F      p6000-2.txt   50  4   14242698    4762      142.091800
F      p6000-2.txt   100 4   14240277    3900      107.758608
F      p6000-2.txt   200 4   14225622    3892      111.275316
F      p6000-2.txt   25  5   14255152    8037      211.753215
F      p6000-2.txt   50  5   14256869    6675      179.404063
F      p6000-2.txt   100 5   14255673    4547      124.506911
F      p6000-2.txt   200 5   14211405    3520      98.644401
F      p6000-2.txt   25  6   14245863    4460      123.481612
F      p6000-2.txt   50  6   14243473    3947      106.530362
F      p6000-2.txt   100 6   14249213    4088      109.219986
F      p6000-2.txt   200 6   14229844    3989      111.741032
F      p6000-2.txt   25  7   14223443    6551      175.850066
F      p6000-2.txt   50  7   14222018    3908      110.998540
F      p6000-2.txt   100 7   14237557    4052      115.391674
F      p6000-2.txt   200 7   14202532    3510      89.162511
F      p6000-2.txt   25  8   14235851    5273      144.007560
F      p6000-2.txt   50  8   14222990    4596      118.954777
F      p6000-2.txt   100 8   14239188    4712      137.543709
F      p6000-2.txt   200 8   14219975    3747      105.218681
F      p6000-2.txt   25  9   14226693    4497      133.627961
F      p6000-2.txt   50  9   14259871    4366      133.557582
F      p6000-2.txt   100 9   14209806    4163      121.893456
F      p6000-2.txt   200 9   14274302    4505      124.396903
F      p6000-2.txt   25  10  14244460    4543      129.312276
F      p6000-2.txt   50  10  14247360    4749      127.787303
F      p6000-2.txt   100 10  14219021    3867      113.089504
F      p6000-2.txt   200 10  14194951    3791      97.797551
R      p6000-2.txt   25  1   14249763    5448      150.219761
R      p6000-2.txt   50  1   14232210    3755      100.283718
R      p6000-2.txt   100 1   14223148    3712      97.699824
R      p6000-2.txt   200 1   14226130    4315      113.908540
R      p6000-2.txt   25  2   14252564    5005      133.335032
R      p6000-2.txt   50  2   14224377    4077      109.175938
R      p6000-2.txt   100 2   14257530    4343      125.179961
R      p6000-2.txt   200 2   14226206    3740      104.805607
R      p6000-2.txt   25  3   14258329    6507      181.195793
R      p6000-2.txt   50  3   14255422    4922      138.403938
R      p6000-2.txt   100 3   14238915    4073      116.104932
R      p6000-2.txt   200 3   14191618    3682      102.591392
R      p6000-2.txt   25  4   14251187    3791      100.716313
R      p6000-2.txt   50  4   14250809    4390      113.210562
R      p6000-2.txt   100 4   14204938    3922      99.595627
R      p6000-2.txt   200 4   14226278    3549      90.492345
R      p6000-2.txt   25  5   14245898    7061      184.141270
R      p6000-2.txt   50  5   14264077    5327      141.621391
R      p6000-2.txt   100 5   14256340    4237      111.200196
R      p6000-2.txt   200 5   14211345    3691      105.620412
R      p6000-2.txt   25  6   14241457    5181      151.342101
R      p6000-2.txt   50  6   14252295    4175      118.219207
R      p6000-2.txt   100 6   14230722    4450      115.238693
R      p6000-2.txt   200 6   14253185    3911      93.307723
R      p6000-2.txt   25  7   14259191    6257      167.474025
R      p6000-2.txt   50  7   14241471    3844      95.851349
R      p6000-2.txt   100 7   14249531    4210      102.053291
R      p6000-2.txt   200 7   14262695    4051      106.363405
R      p6000-2.txt   25  8   14254317    5243      137.104008
R      p6000-2.txt   50  8   14189747    4573      119.278310
R      p6000-2.txt   100 8   14201028    4430      107.739401
R      p6000-2.txt   200 8   14221459    3793      100.702771
R      p6000-2.txt   25  9   14278163    10245     287.807587
R      p6000-2.txt   50  9   14258841    4584      116.525915
R      p6000-2.txt   100 9   14282972    4300      104.167560
R      p6000-2.txt   200 9   14196044    3822      95.157464
R      p6000-2.txt   25  10  14249107    5344      119.738960
R      p6000-2.txt   50  10  14256929    8077      172.792809
R      p6000-2.txt   100 10  14281191    4129      74.499908
R      p6000-2.txt   200 10  14222742    4477      50.257855
F      p7000-1.txt   25  1   14399411    5455      181.369236 
F      p7000-1.txt   50  1   14410566    5052      176.776954 
F      p7000-1.txt   100 1   14397736    4751      172.582311 
F      p7000-1.txt   200 1   14404351    5328      180.650876 
F      p7000-1.txt   25  2   14394562    5458      191.566055 
F      p7000-1.txt   50  2   14381863    7157      245.606605 
F      p7000-1.txt   100 2   14402618    4861      176.199068 
F      p7000-1.txt   200 2   14380457    4364      151.941360 
F      p7000-1.txt   25  3   14376307    5603      204.536065 
F      p7000-1.txt   50  3   14392842    5543      199.635052 
F      p7000-1.txt   100 3   14416285    4630      163.225997 
F      p7000-1.txt   200 3   14345443    4207      143.539820 
F      p7000-1.txt   25  4   14391314    4639      169.991945 
F      p7000-1.txt   50  4   14418292    5553      200.554101 
F      p7000-1.txt   100 4   14386128    4448      141.189649 
F      p7000-1.txt   200 4   14412681    4545      154.170836 
F      p7000-1.txt   25  5   14430877    8275      257.446695 
F      p7000-1.txt   50  5   14406309    5474      180.694359 
F      p7000-1.txt   100 5   14360914    4682      150.223084 
F      p7000-1.txt   200 5   14377626    4301      129.761208
F      p7000-1.txt   25  6   14415054    6083      194.657691 
F      p7000-1.txt   50  6   14417232    5424      165.159286 
F      p7000-1.txt   100 6   14381543    4569      141.992409 
F      p7000-1.txt   200 6   14373171    4718      148.888175 
F      p7000-1.txt   25  7   14425496    8499      292.958906 
F      p7000-1.txt   50  7   14381961    5402      173.433305 
F      p7000-1.txt   100 7   14402963    4628      158.737197 
F      p7000-1.txt   200 7   14418524    4739      150.430859
F      p7000-1.txt   25  8   14398705    6530      213.925282 
F      p7000-1.txt   50  8   14387295    4889      162.839426 
F      p7000-1.txt   100 8   14377053    5578      182.502337 
F      p7000-1.txt   200 8   14407242    4660      150.801086 
F      p7000-1.txt   25  9   14401648    6812      224.433616 
F      p7000-1.txt   50  9   14409039    5525      189.652242 
F      p7000-1.txt   100 9   14387854    4655      158.789788 
F      p7000-1.txt   200 9   14398704    4739      154.999842 
F      p7000-1.txt   25  10  14433397    5773      199.000671 
F      p7000-1.txt   50  10  14376743    5513      172.735023 
F      p7000-1.txt   100 10  14386196    5374      172.892252 
F      p7000-1.txt   200 10  14411757    4822      153.251615
R      p7000-1.txt   25  1   14411131    5087      166.122924
R      p7000-1.txt   50  1   14405675    5705      180.132251
R      p7000-1.txt   100 1   14378013    4906      155.701596
R      p7000-1.txt   200 1   14370309    4483      146.280817
R      p7000-1.txt   25  2   14396545    6152      199.011379
R      p7000-1.txt   50  2   14411353    4942      162.441549
R      p7000-1.txt   100 2   14416880    4939      159.699967
R      p7000-1.txt   200 2   14386711    5086      167.098071
R      p7000-1.txt   25  3   14391703    5200      171.910847
R      p7000-1.txt   50  3   14355471    5462      182.066084
R      p7000-1.txt   100 3   14383587    4459      141.585540
R      p7000-1.txt   200 3   14419848    4655      154.006882
R      p7000-1.txt   25  4   14400021    5266      168.546910
R      p7000-1.txt   50  4   14434418    5942      188.536146
R      p7000-1.txt   100 4   14384305    4781      149.498513
R      p7000-1.txt   200 4   14345382    4568      140.516323
R      p7000-1.txt   25  5   14408166    6796      217.591181
R      p7000-1.txt   50  5   14405705    5010      156.864350
R      p7000-1.txt   100 5   14396306    4952      162.315506
R      p7000-1.txt   200 5   14401440    5524      183.320705
R      p7000-1.txt   25  6   14407319    4988      166.531340
R      p7000-1.txt   50  6   14437637    5455      159.163595
R      p7000-1.txt   100 6   14413839    5837      169.725831
R      p7000-1.txt   200 6   14381839    5006      155.980586
R      p7000-1.txt   25  7   14412461    6560      205.121092
R      p7000-1.txt   50  7   14390561    6351      196.143256
R      p7000-1.txt   100 7   14387770    4516      135.242504
R      p7000-1.txt   200 7   14370437    4724      139.304374
R      p7000-1.txt   25  8   14433964    5499      166.362158
R      p7000-1.txt   50  8   14390762    5102      153.232261
R      p7000-1.txt   100 8   14387696    4657      145.606363
R      p7000-1.txt   200 8   14384848    4388      124.377084
R      p7000-1.txt   25  9   14398471    6716      203.202037
R      p7000-1.txt   50  9   14402810    5279      160.498312
R      p7000-1.txt   100 9   14369358    4535      142.810547
R      p7000-1.txt   200 9   14395499    4948      123.731030
R      p7000-1.txt   25  10  14409305    10186     297.414120
R      p7000-1.txt   50  10  14426569    5624      117.540102
R      p7000-1.txt   100 10  14411396    4836      77.820666
R      p7000-1.txt   200 10  14395622    5106      50.333748
F      p7000-2.txt   25  1   18128521    5118      179.911575 
F      p7000-2.txt   50  1   18161624    4817      171.001508 
F      p7000-2.txt   100 1   18161556    5282      184.456996 
F      p7000-2.txt   200 1   18119345    5077      169.420891 
F      p7000-2.txt   25  2   18171142    4838      175.070208 
F      p7000-2.txt   50  2   18173955    5266      173.537311 
F      p7000-2.txt   100 2   18189177    4637      162.711728 
F      p7000-2.txt   200 2   18147525    4553      158.554748 
F      p7000-2.txt   25  3   18157361    5061      181.101400 
F      p7000-2.txt   50  3   18186236    6082      205.935982 
F      p7000-2.txt   100 3   18138273    4857      172.582506 
F      p7000-2.txt   200 3   18168149    5399      183.983891 
F      p7000-2.txt   25  4   18176227    6166      231.289972 
F      p7000-2.txt   50  4   18137755    5166      171.391232 
F      p7000-2.txt   100 4   18157482    4648      157.115526 
F      p7000-2.txt   200 4   18051043    4121      138.401176 
F      p7000-2.txt   25  5   18193680    6275      189.401709 
F      p7000-2.txt   50  5   18105968    4321      147.451108 
F      p7000-2.txt   100 5   18173462    5657      172.123476 
F      p7000-2.txt   200 5   18139154    4329      140.119721
F      p7000-2.txt   25  6   18165491    6908      216.981395 
F      p7000-2.txt   50  6   18145557    5303      169.397288 
F      p7000-2.txt   100 6   18118792    4531      144.043704 
F      p7000-2.txt   200 6   18151704    4690      148.518389 
F      p7000-2.txt   25  7   18169522    5185      173.108135 
F      p7000-2.txt   50  7   18113873    5161      176.403853 
F      p7000-2.txt   100 7   18169129    4551      145.601953 
F      p7000-2.txt   200 7   18157764    4796      143.121843
F      p7000-2.txt   25  8   18148038    7195      232.434698 
F      p7000-2.txt   50  8   18161632    6258      208.947993 
F      p7000-2.txt   100 8   18125404    4853      150.300052 
F      p7000-2.txt   200 8   18107285    4469      135.201957 
F      p7000-2.txt   25  9   18169935    6700      229.353551 
F      p7000-2.txt   50  9   18142419    5357      183.278713 
F      p7000-2.txt   100 9   18151531    5460      189.790427 
F      p7000-2.txt   200 9   18114121    4661      153.473238 
F      p7000-2.txt   25  10  18180943    7581      266.858810 
F      p7000-2.txt   50  10  18187126    6498      217.553854 
F      p7000-2.txt   100 10  18169228    4884      158.622519 
F      p7000-2.txt   200 10  18162430    4868      149.362654
R      p7000-2.txt   25  1   18167468    5406      176.668568
R      p7000-2.txt   50  1   18120775    5098      166.356838
R      p7000-2.txt   100 1   18162909    5367      168.530026
R      p7000-2.txt   200 1   18152941    5049      156.164499
R      p7000-2.txt   25  2   18155237    5370      176.633124
R      p7000-2.txt   50  2   18142186    4277      142.032459
R      p7000-2.txt   100 2   18152713    5554      184.741327
R      p7000-2.txt   200 2   18147787    5129      168.009932
R      p7000-2.txt   25  3   18147650    4886      160.956717
R      p7000-2.txt   50  3   18159763    5138      159.934017
R      p7000-2.txt   100 3   18144368    5088      173.299469
R      p7000-2.txt   200 3   18145455    4819      156.882562
R      p7000-2.txt   25  4   18143665    5431      178.582078
R      p7000-2.txt   50  4   18159292    4725      150.024697
R      p7000-2.txt   100 4   18136672    4801      151.741667
R      p7000-2.txt   200 4   18153465    4979      152.064368
R      p7000-2.txt   25  5   18162636    7633      237.273536
R      p7000-2.txt   50  5   18168692    4803      159.798047
R      p7000-2.txt   100 5   18158819    5729      192.796751
R      p7000-2.txt   200 5   18104723    4228      141.492207
R      p7000-2.txt   25  6   18185763    5307      158.028430
R      p7000-2.txt   50  6   18160278    5745      168.375151
R      p7000-2.txt   100 6   18124440    5269      153.601712
R      p7000-2.txt   200 6   18122426    4236      121.106166
R      p7000-2.txt   25  7   18121591    8430      251.868555
R      p7000-2.txt   50  7   18112082    5039      155.101893
R      p7000-2.txt   100 7   18131509    5096      158.578288
R      p7000-2.txt   200 7   18198986    5284      156.388360
R      p7000-2.txt   25  8   18164355    5317      164.543234
R      p7000-2.txt   50  8   18126013    4840      136.505581
R      p7000-2.txt   100 8   18156670    5099      144.440991
R      p7000-2.txt   200 8   18152391    4722      140.129084
R      p7000-2.txt   25  9   18188561    6994      220.274842
R      p7000-2.txt   50  9   18134355    4608      138.733376
R      p7000-2.txt   100 9   18138080    4938      147.307478
R      p7000-2.txt   200 9   18127291    4660      127.331159
R      p7000-2.txt   25  10  18119565    4989      117.318791
R      p7000-2.txt   50  10  18143407    4654      94.375078
R      p7000-2.txt   100 10  18072633    4187      47.272878
R      p7000-2.txt   200 10  18133006    4390      42.240053